z = [
-1.5,
-1.494,
-1.488,
-1.482,
-1.476,
-1.47,
-1.464,
-1.458,
-1.452,
-1.446,
-1.44,
-1.434,
-1.428,
-1.422,
-1.416,
-1.41,
-1.404,
-1.398,
-1.392,
-1.386,
-1.38,
-1.374,
-1.368,
-1.362,
-1.356,
-1.35,
-1.344,
-1.338,
-1.332,
-1.326,
-1.32,
-1.314,
-1.308,
-1.302,
-1.296,
-1.29,
-1.284,
-1.278,
-1.272,
-1.266,
-1.26,
-1.254,
-1.248,
-1.242,
-1.236,
-1.23,
-1.224,
-1.218,
-1.212,
-1.206,
-1.2,
-1.194,
-1.188,
-1.182,
-1.176,
-1.17,
-1.164,
-1.158,
-1.152,
-1.146,
-1.14,
-1.134,
-1.128,
-1.122,
-1.116,
-1.11,
-1.104,
-1.098,
-1.092,
-1.086,
-1.08,
-1.074,
-1.068,
-1.062,
-1.056,
-1.05,
-1.044,
-1.038,
-1.032,
-1.026,
-1.02,
-1.014,
-1.008,
-1.002,
-0.996,
-0.99,
-0.984,
-0.978,
-0.972,
-0.966,
-0.96,
-0.954,
-0.948,
-0.942,
-0.936,
-0.93,
-0.924,
-0.918,
-0.912,
-0.906,
-0.9,
-0.894,
-0.888,
-0.882,
-0.876,
-0.87,
-0.864,
-0.858,
-0.852,
-0.846,
-0.84,
-0.834,
-0.828,
-0.822,
-0.816,
-0.81,
-0.804,
-0.798,
-0.792,
-0.786,
-0.78,
-0.774,
-0.768,
-0.762,
-0.756,
-0.75,
-0.744,
-0.738,
-0.732,
-0.726,
-0.72,
-0.714,
-0.708,
-0.702,
-0.696,
-0.69,
-0.684,
-0.678,
-0.672,
-0.666,
-0.66,
-0.654,
-0.648,
-0.642,
-0.636,
-0.63,
-0.624,
-0.618,
-0.612,
-0.606,
-0.6,
-0.594,
-0.588,
-0.582,
-0.576,
-0.57,
-0.564,
-0.558,
-0.552,
-0.546,
-0.54,
-0.534,
-0.528,
-0.522,
-0.516,
-0.51,
-0.504,
-0.498,
-0.492,
-0.486,
-0.48,
-0.474,
-0.468,
-0.462,
-0.456,
-0.45,
-0.444,
-0.438,
-0.432,
-0.426,
-0.42,
-0.414,
-0.408,
-0.402,
-0.396,
-0.39,
-0.384,
-0.378,
-0.372,
-0.366,
-0.36,
-0.354,
-0.348,
-0.342,
-0.336,
-0.33,
-0.324,
-0.318,
-0.312,
-0.306,
-0.3,
-0.294,
-0.288,
-0.282,
-0.276,
-0.27,
-0.264,
-0.258,
-0.252,
-0.246,
-0.24,
-0.234,
-0.228,
-0.222,
-0.216,
-0.21,
-0.204,
-0.198,
-0.192,
-0.186,
-0.18,
-0.174,
-0.168,
-0.162,
-0.156,
-0.15,
-0.144,
-0.138,
-0.132,
-0.126,
-0.12,
-0.114,
-0.108,
-0.102,
-0.096,
-0.09,
-0.084,
-0.078,
-0.072,
-0.066,
-0.06,
-0.054,
-0.048,
-0.042,
-0.036,
-0.03,
-0.024,
-0.018,
-0.012,
-0.006,
0.0,
0.006,
0.012,
0.018,
0.024,
0.03,
0.036,
0.042,
0.048,
0.054,
0.06,
0.066,
0.072,
0.078,
0.084,
0.09,
0.096,
0.102,
0.108,
0.114,
0.12,
0.126,
0.132,
0.138,
0.144,
0.15,
0.156,
0.162,
0.168,
0.174,
0.18,
0.186,
0.192,
0.198,
0.204,
0.21,
0.216,
0.222,
0.228,
0.234,
0.24,
0.246,
0.252,
0.258,
0.264,
0.27,
0.276,
0.282,
0.288,
0.294,
0.3,
0.306,
0.312,
0.318,
0.324,
0.33,
0.336,
0.342,
0.348,
0.354,
0.36,
0.366,
0.372,
0.378,
0.384,
0.39,
0.396,
0.402,
0.408,
0.414,
0.42,
0.426,
0.432,
0.438,
0.444,
0.45,
0.456,
0.462,
0.468,
0.474,
0.48,
0.486,
0.492,
0.498,
0.504,
0.51,
0.516,
0.522,
0.528,
0.534,
0.54,
0.546,
0.552,
0.558,
0.564,
0.57,
0.576,
0.582,
0.588,
0.594,
0.6,
0.606,
0.612,
0.618,
0.624,
0.63,
0.636,
0.642,
0.648,
0.654,
0.66,
0.666,
0.672,
0.678,
0.684,
0.69,
0.696,
0.702,
0.708,
0.714,
0.72,
0.726,
0.732,
0.738,
0.744,
0.75,
0.756,
0.762,
0.768,
0.774,
0.78,
0.786,
0.792,
0.798,
0.804,
0.81,
0.816,
0.822,
0.828,
0.834,
0.84,
0.846,
0.852,
0.858,
0.864,
0.87,
0.876,
0.882,
0.888,
0.894,
0.9,
0.906,
0.912,
0.918,
0.924,
0.93,
0.936,
0.942,
0.948,
0.954,
0.96,
0.966,
0.972,
0.978,
0.984,
0.99,
0.996,
1.002,
1.008,
1.014,
1.02,
1.026,
1.032,
1.038,
1.044,
1.05,
1.056,
1.062,
1.068,
1.074,
1.08,
1.086,
1.092,
1.098,
1.104,
1.11,
1.116,
1.122,
1.128,
1.134,
1.14,
1.146,
1.152,
1.158,
1.164,
1.17,
1.176,
1.182,
1.188,
1.194,
1.2,
1.206,
1.212,
1.218,
1.224,
1.23,
1.236,
1.242,
1.248,
1.254,
1.26,
1.266,
1.272,
1.278,
1.284,
1.29,
1.296,
1.302,
1.308,
1.314,
1.32,
1.326,
1.332,
1.338,
1.344,
1.35,
1.356,
1.362,
1.368,
1.374,
1.38,
1.386,
1.392,
1.398,
1.404,
1.41,
1.416,
1.422,
1.428,
1.434,
1.44,
1.446,
1.452,
1.458,
1.464,
1.47,
1.476,
1.482,
1.488,
1.494,
1.5,];
cit = [
358.3594620472378,
358.6665943005678,
358.97875133094226,
359.2939681751419,
359.61223421884597,
359.93353848134257,
360.25786987522656,
360.5852172067339,
360.91556917611706,
361.2489143780224,
361.58524130187016,
361.92453833223874,
362.2667937492505,
362.61199572896,
362.9601323437465,
363.3111915627085,
363.66516125206,
364.0220291755311,
364.38178299477056,
364.7444102697509,
365.1098984591764,
365.4782349208933,
365.8494069123036,
366.22340159078055,
366.600206014087,
366.97980714079654,
367.3621918307168,
367.74734684531575,
368.13525884815044,
368.5259144052976,
368.91929998578803,
369.31540196204264,
369.71420661031016,
370.1157001111095,
370.5198685496723,
370.9266979163897,
371.3361741072598,
371.74828292433983,
372.1630100761979,
372.58034117836974,
373.0002617538164,
373.42275723338355,
373.8478129562666,
374.2754141704735,
374.705546033293,
375.1381936117647,
375.5733418831509,
376.01097573541085,
376.4510799676774,
376.89363929073625,
377.3386383275074,
377.786061613528,
378.2358935974389,
378.68811864147233,
379.1427210219424,
379.5996849297379,
380.0589944708164,
380.520633666703,
380.9845864549874,
381.45083668982704,
381.9193681424514,
382.3901645016657,
382.86320937436165,
383.3384862860264,
383.8159786812554,
384.2956699242677,
384.777543299423,
385.2615820117403,
385.74776918742,
386.2360878743672,
386.7265210427174,
387.2190515853655,
387.71366231849424,
388.21033598210886,
388.70905524056946,
389.20980268312906,
389.71256082447303,
390.21731210525854,
390.7240388926597,
391.23272348091143,
391.7433480918585,
392.25589487550474,
392.7703459105652,
393.2866832050204,
393.8048886966724,
394.32494425370453,
394.8468316752409,
395.3705326919097,
395.89602896640895,
396.4233020940736,
396.9523336034446,
397.4831049568412,
398.0155975509347,
398.54979271732475,
399.08567172311723,
399.62321577150567,
400.16240600235324,
400.7032234927776,
401.24564925773905,
401.7896642506288,
402.33524936386164,
402.88238542946885,
403.4310532196947,
403.98123344759495,
404.53290676763663,
405.0860537763017,
405.64065501269147,
406.1966909591338,
406.75414204179276,
407.31298863128075,
407.87321104327145,
408.43478953911676,
408.9977043264654,
409.5619355598832,
410.1274633414762,
410.6942677215163,
411.26232869906846,
411.83162622262023,
412.4021401907146,
412.97385045258375,
413.54673680878614,
414.1207790118449,
414.6959567668897,
415.2722497322999,
415.8496375203505,
416.42809969786003,
417.0076157868417,
417.588165265155,
418.16972756716166,
418.7522820843823,
419.3358081661572,
419.92028512030674,
420.50569221379703,
421.09200867340553,
421.67921368639065,
422.26728640116255,
422.85620592795726,
423.4459513395112,
424.0365016717417,
424.62783592442486,
425.2199330618805,
425.8127720136562,
426.40633167521537,
427.00059090862635,
427.59552854325545,
428.1911233764607,
428.78735417428913,
429.3841996721751,
429.98163857564293,
430.57964956100966,
431.17821127609125,
431.7773023409111,
432.3769013484108,
432.9769868651631,
433.57753743208684,
434.1785315651647,
434.77994775616344,
435.38176447335536,
435.98396016224353,
436.58651324628784,
437.18940212763437,
437.7926051878462,
438.396100788638,
438.9998672726106,
439.6038829639896,
440.20812616936564,
440.8125751784371,
441.4172082647543,
442.02200368646686,
442.6269396870731,
443.2319944961706,
443.83714633021066,
444.4423733932538,
445.04765387772693,
445.65296596518476,
446.25828782707094,
446.8635976254826,
447.4688735139375,
448.074093638142,
448.6792361367618,
449.2842791421946,
449.88920078134583,
450.4939791764042,
451.0985924456219,
451.7030187040946,
452.30723606454524,
452.91122263810803,
453.51495653511654,
454.1184158658915,
454.72157874153277,
455.3244232747106,
455.9269275804621,
456.5290697769864,
457.13082798644325,
457.7321803357538,
458.33310495740204,
458.9335799902394,
459.5335835802896,
460.1330938815563,
460.7320890568326,
461.33054727851106,
461.9284467293967,
462.52576560352145,
463.1224821069587,
463.71857445864225,
464.3140208911841,
464.9087996516953,
465.50288900260784,
466.09626722249845,
466.68891260691316,
467.280803469194,
467.8719181413063,
468.4622349746686,
469.05173234098254,
469.6403886330645,
470.2281822656795,
470.8150916763743,
471.4010953263145,
471.98617170111936,
472.5702993117011,
473.15345669510305,
473.7356224153399,
474.31677506423887,
474.89689326228086,
