z = [
-1.5,
-1.494,
-1.488,
-1.482,
-1.476,
-1.47,
-1.464,
-1.458,
-1.452,
-1.446,
-1.44,
-1.434,
-1.428,
-1.422,
-1.416,
-1.41,
-1.404,
-1.398,
-1.392,
-1.386,
-1.38,
-1.374,
-1.368,
-1.362,
-1.356,
-1.35,
-1.344,
-1.338,
-1.332,
-1.326,
-1.32,
-1.314,
-1.308,
-1.302,
-1.296,
-1.29,
-1.284,
-1.278,
-1.272,
-1.266,
-1.26,
-1.254,
-1.248,
-1.242,
-1.236,
-1.23,
-1.224,
-1.218,
-1.212,
-1.206,
-1.2,
-1.194,
-1.188,
-1.182,
-1.176,
-1.17,
-1.164,
-1.158,
-1.152,
-1.146,
-1.14,
-1.134,
-1.128,
-1.122,
-1.116,
-1.11,
-1.104,
-1.098,
-1.092,
-1.086,
-1.08,
-1.074,
-1.068,
-1.062,
-1.056,
-1.05,
-1.044,
-1.038,
-1.032,
-1.026,
-1.02,
-1.014,
-1.008,
-1.002,
-0.996,
-0.99,
-0.984,
-0.978,
-0.972,
-0.966,
-0.96,
-0.954,
-0.948,
-0.942,
-0.936,
-0.93,
-0.924,
-0.918,
-0.912,
-0.906,
-0.9,
-0.894,
-0.888,
-0.882,
-0.876,
-0.87,
-0.864,
-0.858,
-0.852,
-0.846,
-0.84,
-0.834,
-0.828,
-0.822,
-0.816,
-0.81,
-0.804,
-0.798,
-0.792,
-0.786,
-0.78,
-0.774,
-0.768,
-0.762,
-0.756,
-0.75,
-0.744,
-0.738,
-0.732,
-0.726,
-0.72,
-0.714,
-0.708,
-0.702,
-0.696,
-0.69,
-0.684,
-0.678,
-0.672,
-0.666,
-0.66,
-0.654,
-0.648,
-0.642,
-0.636,
-0.63,
-0.624,
-0.618,
-0.612,
-0.606,
-0.6,
-0.594,
-0.588,
-0.582,
-0.576,
-0.57,
-0.564,
-0.558,
-0.552,
-0.546,
-0.54,
-0.534,
-0.528,
-0.522,
-0.516,
-0.51,
-0.504,
-0.498,
-0.492,
-0.486,
-0.48,
-0.474,
-0.468,
-0.462,
-0.456,
-0.45,
-0.444,
-0.438,
-0.432,
-0.426,
-0.42,
-0.414,
-0.408,
-0.402,
-0.396,
-0.39,
-0.384,
-0.378,
-0.372,
-0.366,
-0.36,
-0.354,
-0.348,
-0.342,
-0.336,
-0.33,
-0.324,
-0.318,
-0.312,
-0.306,
-0.3,
-0.294,
-0.288,
-0.282,
-0.276,
-0.27,
-0.264,
-0.258,
-0.252,
-0.246,
-0.24,
-0.234,
-0.228,
-0.222,
-0.216,
-0.21,
-0.204,
-0.198,
-0.192,
-0.186,
-0.18,
-0.174,
-0.168,
-0.162,
-0.156,
-0.15,
-0.144,
-0.138,
-0.132,
-0.126,
-0.12,
-0.114,
-0.108,
-0.102,
-0.096,
-0.09,
-0.084,
-0.078,
-0.072,
-0.066,
-0.06,
-0.054,
-0.048,
-0.042,
-0.036,
-0.03,
-0.024,
-0.018,
-0.012,
-0.006,
0.0,
0.006,
0.012,
0.018,
0.024,
0.03,
0.036,
0.042,
0.048,
0.054,
0.06,
0.066,
0.072,
0.078,
0.084,
0.09,
0.096,
0.102,
0.108,
0.114,
0.12,
0.126,
0.132,
0.138,
0.144,
0.15,
0.156,
0.162,
0.168,
0.174,
0.18,
0.186,
0.192,
0.198,
0.204,
0.21,
0.216,
0.222,
0.228,
0.234,
0.24,
0.246,
0.252,
0.258,
0.264,
0.27,
0.276,
0.282,
0.288,
0.294,
0.3,
0.306,
0.312,
0.318,
0.324,
0.33,
0.336,
0.342,
0.348,
0.354,
0.36,
0.366,
0.372,
0.378,
0.384,
0.39,
0.396,
0.402,
0.408,
0.414,
0.42,
0.426,
0.432,
0.438,
0.444,
0.45,
0.456,
0.462,
0.468,
0.474,
0.48,
0.486,
0.492,
0.498,
0.504,
0.51,
0.516,
0.522,
0.528,
0.534,
0.54,
0.546,
0.552,
0.558,
0.564,
0.57,
0.576,
0.582,
0.588,
0.594,
0.6,
0.606,
0.612,
0.618,
0.624,
0.63,
0.636,
0.642,
0.648,
0.654,
0.66,
0.666,
0.672,
0.678,
0.684,
0.69,
0.696,
0.702,
0.708,
0.714,
0.72,
0.726,
0.732,
0.738,
0.744,
0.75,
0.756,
0.762,
0.768,
0.774,
0.78,
0.786,
0.792,
0.798,
0.804,
0.81,
0.816,
0.822,
0.828,
0.834,
0.84,
0.846,
0.852,
0.858,
0.864,
0.87,
0.876,
0.882,
0.888,
0.894,
0.9,
0.906,
0.912,
0.918,
0.924,
0.93,
0.936,
0.942,
0.948,
0.954,
0.96,
0.966,
0.972,
0.978,
0.984,
0.99,
0.996,
1.002,
1.008,
1.014,
1.02,
1.026,
1.032,
1.038,
1.044,
1.05,
1.056,
1.062,
1.068,
1.074,
1.08,
1.086,
1.092,
1.098,
1.104,
1.11,
1.116,
1.122,
1.128,
1.134,
1.14,
1.146,
1.152,
1.158,
1.164,
1.17,
1.176,
1.182,
1.188,
1.194,
1.2,
1.206,
1.212,
1.218,
1.224,
1.23,
1.236,
1.242,
1.248,
1.254,
1.26,
1.266,
1.272,
1.278,
1.284,
1.29,
1.296,
1.302,
1.308,
1.314,
1.32,
1.326,
1.332,
1.338,
1.344,
1.35,
1.356,
1.362,
1.368,
1.374,
1.38,
1.386,
1.392,
1.398,
1.404,
1.41,
1.416,
1.422,
1.428,
1.434,
1.44,
1.446,
1.452,
1.458,
1.464,
1.47,
1.476,
1.482,
1.488,
1.494,
1.5,];
cot = [
356.13579827255296,
356.26808533733185,
356.4035383524141,
356.5421530130528,
356.68392490033955,
356.8288494812938,
356.9769221089597,
357.128138022505,
357.28249234732516,
357.439980095151,
357.60059616416095,
357.76433533909756,
357.93119229138824,
358.1011615792693,
358.2742376479157,
358.4504148295739,
358.6296873436992,
358.81204929709736,
358.9974946840707,
359.186017386568,
359.3776111743383,
359.5722697050901,
359.7699865246535,
359.97075506714737,
360.17456865515044,
360.3814204998765,
360.59130370135415,
360.8042112486103,
361.02013601985857,
361.239070782691,
361.461008194275,
361.6859408015538,
361.9138610414511,
362.14476124108046,
362.37863361795837,
362.6154702802221,
362.85526322685075,
363.09800434789213,
363.343685424692,
363.59229813012917,
363.8438340288536,
364.09828457752883,
364.35564112508007,
364.6158949129443,
364.879037075326,
365.1450586394566,
365.4139505258586,
365.685703548613,
365.9603084156314,
366.2377557289326,
366.51803598492324,
366.80113957468166,
367.08705678424747,
367.37577779491403,
367.6672926835257,
367.9615914227794,
368.2586638815293,
368.55849982509756,
368.8610889155867,
369.16642071219826,
369.4744846715553,
369.7852701480266,
370.0987663940591,
370.41496256051084,
370.73384769698964,
371.05541075219605,
371.3796405742696,
371.7065259111397,
372.0360554108803,
372.36821762206887,
372.7030009941492,
373.0403938777989,
373.3803845252995,
373.7229610909129,
374.06811163125894,
374.4158241056997,
374.76608637672666,
375.1188862103513,
375.4742112765008,
375.8320491494168,
376.192387308059,
376.5552131365125,
376.9205139243983,
377.2882768672889,
377.6584890671271,
378.0311375326495,
378.40620917981266,
378.78369083222447,
379.1635692215789,
379.5458309880945,
379.93046268095713,
380.3174507587663,
380.7067815899853,
381.09844145339605,
381.4924165385561,
381.8886929462615,
382.2872566890119,
382.68809369147993,
383.09118979098514,
383.4965307379705,
383.9041021964837,
384.3138897446612,
384.7258788752174,
385.1400549959362,
385.55640343016694,
385.97490941732417,
386.39555811339096,
386.81833459142547,
387.24322384207187,
387.67021077407503,
388.09928021479755,
388.530416910742,
388.9636055280762,
389.3988306531613,
389.8360767930852,
390.2753283761979,
390.7165697526507,
391.1597851949398,
391.6049588984532,
392.0520749820199,
392.5011174884644,
392.95207038516276,
393.4049175646045,
393.8596428449555,
394.31622997062584,
394.77466261284087,
395.23492437021514,
395.69699876932987,
396.16086926531466,
396.62651924243085,
397.0939320146606,
397.56309082629616,
398.0339788525355,
398.5065792000793,
398.98087490773185,
399.45684894700514,
399.9344842227265,
400.41376357364777,
400.8946697730612,
401.37718552941385,
401.8612934869293,
402.34697622623,
402.83421626496397,
403.3229960584331,
403.8132980002266,
404.3051044228557,
404.79839759839274,
405.2931597391115,
405.78937299813276,
406.2870194700711,
406.78608119168496,
407.2865401425306,
407.7883782456173,
408.29157736806735,
408.79611932177704,
409.30198586408153,
409.80915869842295,
410.31761947501957,
410.82734979154,
411.3383311937779,
411.85054517633125,
412.36397318328284,
412.878596608885,
413.3943967982452,
413.9113550480155,
414.4294526070843,
414.94867067727057,
415.4689904140206,
415.99039292710745,
416.5128592813328,
417.036370497231,
417.5609075517759,
418.0864513790908,
418.61298287115835,
419.1404828785363,
419.66893221107273,
420.19831163862455,
420.72860189177914,
421.2597836625771,
421.79183760523733,
422.32474433688503,
422.8584844382817,
423.3930384545563,
423.9283868959401,
424.46451023850216,
425.0013889248884,
425.5390033650608,
426.07733393704086,
426.6163609876528,
427.15606483327065,
427.6964257605657,
428.23742402725725,
428.779039862864,
429.32125346945793,
429.8640450224201,
430.4073946711975,
430.95128254006295,
431.4956887288753,
432.040593313842,
432.58597634828357,
433.1318178633991,
433.6780978690334,
434.2247963544472,
434.7718932890857,
435.31936862335226,
435.867202289381,
436.4153742018118,
436.9638642585668,
437.5126523416278,
438.0617183178157,
438.6110420395702,
439.16060334573183,
439.7103820623249,
440.26035800334114,
440.8105109715249,
441.36082075916,
441.9112671488567,
442.4618299143407,
443.01248882124185,
443.5632236278858,
444.1140140860848,
444.6648399419305,
445.2156809365872,
445.76651680708596,
