z = [
-1.5,
-1.494,
-1.488,
-1.482,
-1.476,
-1.47,
-1.464,
-1.458,
-1.452,
-1.446,
-1.44,
-1.434,
-1.428,
-1.422,
-1.416,
-1.41,
-1.404,
-1.398,
-1.392,
-1.386,
-1.38,
-1.374,
-1.368,
-1.362,
-1.356,
-1.35,
-1.344,
-1.338,
-1.332,
-1.326,
-1.32,
-1.314,
-1.308,
-1.302,
-1.296,
-1.29,
-1.284,
-1.278,
-1.272,
-1.266,
-1.26,
-1.254,
-1.248,
-1.242,
-1.236,
-1.23,
-1.224,
-1.218,
-1.212,
-1.206,
-1.2,
-1.194,
-1.188,
-1.182,
-1.176,
-1.17,
-1.164,
-1.158,
-1.152,
-1.146,
-1.14,
-1.134,
-1.128,
-1.122,
-1.116,
-1.11,
-1.104,
-1.098,
-1.092,
-1.086,
-1.08,
-1.074,
-1.068,
-1.062,
-1.056,
-1.05,
-1.044,
-1.038,
-1.032,
-1.026,
-1.02,
-1.014,
-1.008,
-1.002,
-0.996,
-0.99,
-0.984,
-0.978,
-0.972,
-0.966,
-0.96,
-0.954,
-0.948,
-0.942,
-0.936,
-0.93,
-0.924,
-0.918,
-0.912,
-0.906,
-0.9,
-0.894,
-0.888,
-0.882,
-0.876,
-0.87,
-0.864,
-0.858,
-0.852,
-0.846,
-0.84,
-0.834,
-0.828,
-0.822,
-0.816,
-0.81,
-0.804,
-0.798,
-0.792,
-0.786,
-0.78,
-0.774,
-0.768,
-0.762,
-0.756,
-0.75,
-0.744,
-0.738,
-0.732,
-0.726,
-0.72,
-0.714,
-0.708,
-0.702,
-0.696,
-0.69,
-0.684,
-0.678,
-0.672,
-0.666,
-0.66,
-0.654,
-0.648,
-0.642,
-0.636,
-0.63,
-0.624,
-0.618,
-0.612,
-0.606,
-0.6,
-0.594,
-0.588,
-0.582,
-0.576,
-0.57,
-0.564,
-0.558,
-0.552,
-0.546,
-0.54,
-0.534,
-0.528,
-0.522,
-0.516,
-0.51,
-0.504,
-0.498,
-0.492,
-0.486,
-0.48,
-0.474,
-0.468,
-0.462,
-0.456,
-0.45,
-0.444,
-0.438,
-0.432,
-0.426,
-0.42,
-0.414,
-0.408,
-0.402,
-0.396,
-0.39,
-0.384,
-0.378,
-0.372,
-0.366,
-0.36,
-0.354,
-0.348,
-0.342,
-0.336,
-0.33,
-0.324,
-0.318,
-0.312,
-0.306,
-0.3,
-0.294,
-0.288,
-0.282,
-0.276,
-0.27,
-0.264,
-0.258,
-0.252,
-0.246,
-0.24,
-0.234,
-0.228,
-0.222,
-0.216,
-0.21,
-0.204,
-0.198,
-0.192,
-0.186,
-0.18,
-0.174,
-0.168,
-0.162,
-0.156,
-0.15,
-0.144,
-0.138,
-0.132,
-0.126,
-0.12,
-0.114,
-0.108,
-0.102,
-0.096,
-0.09,
-0.084,
-0.078,
-0.072,
-0.066,
-0.06,
-0.054,
-0.048,
-0.042,
-0.036,
-0.03,
-0.024,
-0.018,
-0.012,
-0.006,
0.0,
0.006,
0.012,
0.018,
0.024,
0.03,
0.036,
0.042,
0.048,
0.054,
0.06,
0.066,
0.072,
0.078,
0.084,
0.09,
0.096,
0.102,
0.108,
0.114,
0.12,
0.126,
0.132,
0.138,
0.144,
0.15,
0.156,
0.162,
0.168,
0.174,
0.18,
0.186,
0.192,
0.198,
0.204,
0.21,
0.216,
0.222,
0.228,
0.234,
0.24,
0.246,
0.252,
0.258,
0.264,
0.27,
0.276,
0.282,
0.288,
0.294,
0.3,
0.306,
0.312,
0.318,
0.324,
0.33,
0.336,
0.342,
0.348,
0.354,
0.36,
0.366,
0.372,
0.378,
0.384,
0.39,
0.396,
0.402,
0.408,
0.414,
0.42,
0.426,
0.432,
0.438,
0.444,
0.45,
0.456,
0.462,
0.468,
0.474,
0.48,
0.486,
0.492,
0.498,
0.504,
0.51,
0.516,
0.522,
0.528,
0.534,
0.54,
0.546,
0.552,
0.558,
0.564,
0.57,
0.576,
0.582,
0.588,
0.594,
0.6,
0.606,
0.612,
0.618,
0.624,
0.63,
0.636,
0.642,
0.648,
0.654,
0.66,
0.666,
0.672,
0.678,
0.684,
0.69,
0.696,
0.702,
0.708,
0.714,
0.72,
0.726,
0.732,
0.738,
0.744,
0.75,
0.756,
0.762,
0.768,
0.774,
0.78,
0.786,
0.792,
0.798,
0.804,
0.81,
0.816,
0.822,
0.828,
0.834,
0.84,
0.846,
0.852,
0.858,
0.864,
0.87,
0.876,
0.882,
0.888,
0.894,
0.9,
0.906,
0.912,
0.918,
0.924,
0.93,
0.936,
0.942,
0.948,
0.954,
0.96,
0.966,
0.972,
0.978,
0.984,
0.99,
0.996,
1.002,
1.008,
1.014,
1.02,
1.026,
1.032,
1.038,
1.044,
1.05,
1.056,
1.062,
1.068,
1.074,
1.08,
1.086,
1.092,
1.098,
1.104,
1.11,
1.116,
1.122,
1.128,
1.134,
1.14,
1.146,
1.152,
1.158,
1.164,
1.17,
1.176,
1.182,
1.188,
1.194,
1.2,
1.206,
1.212,
1.218,
1.224,
1.23,
1.236,
1.242,
1.248,
1.254,
1.26,
1.266,
1.272,
1.278,
1.284,
1.29,
1.296,
1.302,
1.308,
1.314,
1.32,
1.326,
1.332,
1.338,
1.344,
1.35,
1.356,
1.362,
1.368,
1.374,
1.38,
1.386,
1.392,
1.398,
1.404,
1.41,
1.416,
1.422,
1.428,
1.434,
1.44,
1.446,
1.452,
1.458,
1.464,
1.47,
1.476,
1.482,
1.488,
1.494,
1.5,];
czc = [
355.0,
355.03080991777836,
355.06397796956753,
355.0995029680097,
355.13738364137305,
355.17761863359635,
355.2202065043381,
355.26514572902795,
355.31243469892115,
355.3620717211563,
355.4140550188158,
355.4683827309897,
355.52505291284183,
355.58406353568023,
355.6454124870288,
355.7090975707039,
355.7751165068919,
355.843466932232,
355.9141463998999,
355.98715237969566,
356.0624822581344,
356.14013333853984,
356.2201028411407,
356.30238790317037,
356.3869855789691,
356.4738928400899,
356.56310657540666,
356.65462359122546,
356.74844061139925,
356.84455427744456,
356.9429611486622,
357.0436577022605,
357.14664033348106,
357.2519053557278,
357.3594490006992,
357.46926741852315,
357.58135667789475,
357.69571276621673,
357.8123315897435,
357.9312089737276,
358.0523406625691,
358.1757223199679,
358.30134952907895,
358.42921779267067,
358.55932253328524,
358.69165909340336,
358.8262227356104,
358.963008642766,
359.1020119181768,
359.2432275857715,
359.38665059027926,
359.5322757974102,
359.68009799403967,
359.8301118883945,
359.982312110243,
360.1366932110865,
360.2932496643547,
360.4519758656036,
360.61286613271625,
360.7759147061057,
360.9411157489217,
361.1084633472591,
361.27795151037026,
361.4495741708786,
361.6233251849968,
361.7991983327461,
361.97718731817884,
362.1572857696045,
362.33948723981723,
362.5237852063267,
362.71017307159207,
362.8986441632575,
363.0891917343913,
363.28180896372794,
363.47648895591135,
363.6732247417423,
363.87200927842775,
364.0728354498333,
364.2756960667373,
364.4805838670886,
364.68749151626673,
364.8964116073438,
365.1073366613505,
365.32025912754295,
365.53517138367374,
365.7520657362645,
365.97093442088124,
366.19176960241236,
366.4145633753492,
366.6393077640689,
366.86599472312014,
367.0946161375109,
367.32516382299923,
367.5576295263859,
367.79200492581026,
368.02828163104766,
368.2664511838102,
368.50650505804947,
368.7484346602615,
368.99223132979466,
369.2378863391598,
369.48539089434223,
369.7347361351168,
369.9859131353653,
370.23891290339554,
370.4937263822636,
370.7503444500978,
371.00875792042564,
371.268957542502,
371.53093400164107,
371.79467791954903,
372.06017985466053,
372.32743030247616,
372.5964196959027,
372.86713840559605,
373.1395767403054,
373.41372494722054,
373.68957321232085,
373.9671116607267,
374.24633035705256,
374.5272193057634,
374.8097684515319,
375.0939676795988,
375.3798068161344,
375.6672756286039,
375.95636382613213,
376.2470610598733,
376.5393569233812,
376.8332409529809,
377.1287026281443,
377.4257313718663,
377.72431655104356,
378.024447476855,
378.32611340514484,
378.62930353680656,
378.93400701816995,
379.2402129413896,
379.5479103448355,
379.8570882134851,
380.1677354793178,
380.4798410217113,
380.7933936678395,
381.10838219307254,
381.4247953213786,
381.7426217257279,
382.06185002849725,
382.38246880187864,
382.70446656828733,
383.027831800773,
383.35255292343277,
383.67861831182506,
384.006016293386,
384.33473514784714,
384.6647631076553,
384.99608835839365,
385.3286990392045,
385.66258324321404,
385.9977290179588,
386.33412436581307,
386.6717572444187,
387.01061556711613,
387.3506872033772,
387.6919599792391,
388.0344216777403,
388.3780600393583,
388.7228627624477,
389.0688175036812,
389.41591187849144,
389.7641334615139,
390.1134697870324,
390.4639083494245,
390.8154366036099,
391.1680419654991,
391.52171181244444,
391.876433483691,
392.232194280831,
392.5889814682572,
392.94678227361976,
393.3055838882832,
393.66537346778466,
394.0261381322938,
394.38786496707417,
394.7505410229452,
395.11415331674596,
395.4786888317998,
395.84413451838043,
396.2104772941789,
396.5777040447723,
396.94580162409284,
397.3147568548984,
397.6845565292449,
398.05518740895843,
398.4266362261093,
398.79888968348723,
399.1719344550771,
399.54575718653666,
399.92034449567325,
400.2956829729244,
400.6717591818367,
401.04855965954755,
401.42607091726666,
401.80427944075893,
402.1831716908288,
402.5627341038039,
402.94295309202187,
403.3238150443158,
403.7053063265016,
404.0874132818667,
404.47012223165814,
404.853419475573,
405.2372912922481,
405.62172393975186,
406.00670365607573,
406.39221665962737,
406.77824914972325,
407.16478730708366,
407.55181729432627,
407.9393252564628,
408.32729732139387,
408.71571960040615,
409.1045781886694,
409.4938591657344,
409.883548596031,
410.27363252936743,
