z = [
-1.5,
-1.494,
-1.488,
-1.482,
-1.476,
-1.47,
-1.464,
-1.458,
-1.452,
-1.446,
-1.44,
-1.434,
-1.428,
-1.422,
-1.416,
-1.41,
-1.404,
-1.398,
-1.392,
-1.386,
-1.38,
-1.374,
-1.368,
-1.362,
-1.356,
-1.35,
-1.344,
-1.338,
-1.332,
-1.326,
-1.32,
-1.314,
-1.308,
-1.302,
-1.296,
-1.29,
-1.284,
-1.278,
-1.272,
-1.266,
-1.26,
-1.254,
-1.248,
-1.242,
-1.236,
-1.23,
-1.224,
-1.218,
-1.212,
-1.206,
-1.2,
-1.194,
-1.188,
-1.182,
-1.176,
-1.17,
-1.164,
-1.158,
-1.152,
-1.146,
-1.14,
-1.134,
-1.128,
-1.122,
-1.116,
-1.11,
-1.104,
-1.098,
-1.092,
-1.086,
-1.08,
-1.074,
-1.068,
-1.062,
-1.056,
-1.05,
-1.044,
-1.038,
-1.032,
-1.026,
-1.02,
-1.014,
-1.008,
-1.002,
-0.996,
-0.99,
-0.984,
-0.978,
-0.972,
-0.966,
-0.96,
-0.954,
-0.948,
-0.942,
-0.936,
-0.93,
-0.924,
-0.918,
-0.912,
-0.906,
-0.9,
-0.894,
-0.888,
-0.882,
-0.876,
-0.87,
-0.864,
-0.858,
-0.852,
-0.846,
-0.84,
-0.834,
-0.828,
-0.822,
-0.816,
-0.81,
-0.804,
-0.798,
-0.792,
-0.786,
-0.78,
-0.774,
-0.768,
-0.762,
-0.756,
-0.75,
-0.744,
-0.738,
-0.732,
-0.726,
-0.72,
-0.714,
-0.708,
-0.702,
-0.696,
-0.69,
-0.684,
-0.678,
-0.672,
-0.666,
-0.66,
-0.654,
-0.648,
-0.642,
-0.636,
-0.63,
-0.624,
-0.618,
-0.612,
-0.606,
-0.6,
-0.594,
-0.588,
-0.582,
-0.576,
-0.57,
-0.564,
-0.558,
-0.552,
-0.546,
-0.54,
-0.534,
-0.528,
-0.522,
-0.516,
-0.51,
-0.504,
-0.498,
-0.492,
-0.486,
-0.48,
-0.474,
-0.468,
-0.462,
-0.456,
-0.45,
-0.444,
-0.438,
-0.432,
-0.426,
-0.42,
-0.414,
-0.408,
-0.402,
-0.396,
-0.39,
-0.384,
-0.378,
-0.372,
-0.366,
-0.36,
-0.354,
-0.348,
-0.342,
-0.336,
-0.33,
-0.324,
-0.318,
-0.312,
-0.306,
-0.3,
-0.294,
-0.288,
-0.282,
-0.276,
-0.27,
-0.264,
-0.258,
-0.252,
-0.246,
-0.24,
-0.234,
-0.228,
-0.222,
-0.216,
-0.21,
-0.204,
-0.198,
-0.192,
-0.186,
-0.18,
-0.174,
-0.168,
-0.162,
-0.156,
-0.15,
-0.144,
-0.138,
-0.132,
-0.126,
-0.12,
-0.114,
-0.108,
-0.102,
-0.096,
-0.09,
-0.084,
-0.078,
-0.072,
-0.066,
-0.06,
-0.054,
-0.048,
-0.042,
-0.036,
-0.03,
-0.024,
-0.018,
-0.012,
-0.006,
0.0,
0.006,
0.012,
0.018,
0.024,
0.03,
0.036,
0.042,
0.048,
0.054,
0.06,
0.066,
0.072,
0.078,
0.084,
0.09,
0.096,
0.102,
0.108,
0.114,
0.12,
0.126,
0.132,
0.138,
0.144,
0.15,
0.156,
0.162,
0.168,
0.174,
0.18,
0.186,
0.192,
0.198,
0.204,
0.21,
0.216,
0.222,
0.228,
0.234,
0.24,
0.246,
0.252,
0.258,
0.264,
0.27,
0.276,
0.282,
0.288,
0.294,
0.3,
0.306,
0.312,
0.318,
0.324,
0.33,
0.336,
0.342,
0.348,
0.354,
0.36,
0.366,
0.372,
0.378,
0.384,
0.39,
0.396,
0.402,
0.408,
0.414,
0.42,
0.426,
0.432,
0.438,
0.444,
0.45,
0.456,
0.462,
0.468,
0.474,
0.48,
0.486,
0.492,
0.498,
0.504,
0.51,
0.516,
0.522,
0.528,
0.534,
0.54,
0.546,
0.552,
0.558,
0.564,
0.57,
0.576,
0.582,
0.588,
0.594,
0.6,
0.606,
0.612,
0.618,
0.624,
0.63,
0.636,
0.642,
0.648,
0.654,
0.66,
0.666,
0.672,
0.678,
0.684,
0.69,
0.696,
0.702,
0.708,
0.714,
0.72,
0.726,
0.732,
0.738,
0.744,
0.75,
0.756,
0.762,
0.768,
0.774,
0.78,
0.786,
0.792,
0.798,
0.804,
0.81,
0.816,
0.822,
0.828,
0.834,
0.84,
0.846,
0.852,
0.858,
0.864,
0.87,
0.876,
0.882,
0.888,
0.894,
0.9,
0.906,
0.912,
0.918,
0.924,
0.93,
0.936,
0.942,
0.948,
0.954,
0.96,
0.966,
0.972,
0.978,
0.984,
0.99,
0.996,
1.002,
1.008,
1.014,
1.02,
1.026,
1.032,
1.038,
1.044,
1.05,
1.056,
1.062,
1.068,
1.074,
1.08,
1.086,
1.092,
1.098,
1.104,
1.11,
1.116,
1.122,
1.128,
1.134,
1.14,
1.146,
1.152,
1.158,
1.164,
1.17,
1.176,
1.182,
1.188,
1.194,
1.2,
1.206,
1.212,
1.218,
1.224,
1.23,
1.236,
1.242,
1.248,
1.254,
1.26,
1.266,
1.272,
1.278,
1.284,
1.29,
1.296,
1.302,
1.308,
1.314,
1.32,
1.326,
1.332,
1.338,
1.344,
1.35,
1.356,
1.362,
1.368,
1.374,
1.38,
1.386,
1.392,
1.398,
1.404,
1.41,
1.416,
1.422,
1.428,
1.434,
1.44,
1.446,
1.452,
1.458,
1.464,
1.47,
1.476,
1.482,
1.488,
1.494,
1.5,];
cze = [
355.0,
355.0187251214669,
355.03888342902997,
355.06047420105756,
355.08349666463823,
355.10794999560846,
355.1338333185822,
355.16114570698255,
355.1898861830741,
355.2200537179989,
355.2516472318124,
355.28466559352273,
355.319107621131,
355.3549720816736,
355.3922576912663,
355.43096311515035,
355.4710869677399,
355.5126278126721,
355.5555841628583,
355.599954480537,
355.6457371773296,
355.6929306142963,
355.74153310199586,
355.7915429005451,
355.8429582196816,
355.89577721882813,
355.949998007158,
356.00561864366273,
356.06263713722217,
356.1210514466751,
356.18085948089254,
356.2420590988528,
356.30464810971785,
356.3686242729118,
356.4339852982014,
356.5007288457774,
356.568852526339,
356.638353901179,
356.7092304822712,
356.78147973235946,
356.8550990650484,
356.9300858448962,
357.00643738750887,
357.0841509596363,
357.1632237792702,
357.2436530157436,
357.3254357898319,
357.4085691738568,
357.4930501917902,
357.5788758193611,
357.66604298416405,
357.7545485657686,
357.84438939583174,
357.93556225821067,
358.02806388907834,
358.12189097704004,
358.2170401632519,
358.3135080415417,
358.41129115852993,
358.5103860137542,
358.6107890597939,
358.71249670239786,
358.81550530061224,
358.9198111669117,
359.0254105673307,
359.13229972159775,
359.2404748032701,
359.34993193987134,
359.46066721302964,
359.5726766586183,
359.6859562668974,
359.80050198265735,
359.91630970536426,
360.0333752893065,
360.1516945437436,
360.2712632330554,
360.39207707689445,
360.51413175033906,
360.63742288404796,
360.7619460644165,
360.8876968337355,
361.0146706903498,
361.14286308882004,
361.2722694400852,
361.40288511162703,
361.53470542763546,
361.66772566917666,
361.80194107436125,
361.9373468385153,
362.073938114352,
362.21171001214566,
362.35065759990584,
362.490775903555,
362.6320599071057,
362.77450455284077,
362.91810474149395,
363.0628553324325,
363.2087511438416,
363.3557869529093,
363.50395749601387,
363.6532574689121,
363.80368152692915,
363.95522428514994,
364.10788031861193,
364.26164416249935,
364.4165103123386,
364.5724732241955,
364.7295273148741,
364.88766696211576,
365.0468865048008,
365.2071802431516,
365.36854243893595,
365.5309673156727,
365.6944490588388,
365.8589818160772,
366.0245596974062,
366.1911767754308,
366.3588270855545,
366.5275046261928,
366.6972033589883,
366.8679172090267,
367.0396400650543,
367.2123657796966,
367.38608816967894,
367.560801016047,
367.73649806439016,
367.913173025065,
368.0908195734206,
368.2694313500249,
368.44900196089236,
368.629524977713,
368.8109939380822,
368.9934023457324,
369.1767436707653,
369.3610113498861,
369.5461987866378,
369.73229935163795,
369.91930638281576,
370.1072131856504,
370.2960130334109,
370.48569916739666,
370.67626479718,
370.86770310084853,
371.0600072252498,
371.25317028623647,
371.44718536891276,
371.64204552788215,
371.8377437874956,
372.03427314210194,
372.2316265562981,
372.4297969651809,
372.6287772746007,
372.82856036141425,
373.0291390737408,
373.2305062312173,
373.43265462525596,
373.635577019302,
373.83926614909285,
374.043714722918,
374.2489154218806,
374.45486090015845,
374.6615437852681,
374.868956678328,
375.0770921543236,
375.28594276237334,
375.4955010259948,
375.70575944337315,
375.9167104876292,
376.1283466070887,
376.3406602255533,
376.5536437425711,
376.7672895337091,
376.9815899508262,
377.19653732234656,
377.4121239535348,
377.6283421267709,
377.84518410182704,
378.06264211614416,
378.2807083851103,
378.49937510233883,
378.71863443994835,
378.93847854884245,
379.15889955899127,
379.37988957971265,
379.601440699955,
379.8235449885801,
380.0461944946478,
380.26938124769947,
380.4930972580446,
380.71733451704574,
380.9420849974059,
381.16734065345577,
381.39309342144134,
381.619335219813,
381.84605794951494,
382.0732534942746,
382.3009137208934,
382.5290304795383,
382.7575956040329,
382.9866009121504,
383.2160382059059,
383.4458992718504,
383.67617588136454,
383.90685979095315,
384.13794274254064,
384.36941646376613,
384.6012726682801,
384.83350305604085,
385.0660993136113,
385.29905311445725,
385.5323561192448,
385.76599997613914,
385.9999763211039,
386.23427677819984,
386.46889295988535,
386.7038164673162,
386.93903889064666,
387.1745518093302,
387.41034679242125,
387.64641539887657,
387.8827491778578,
388.11933966903405,
388.3561784028843,
388.59325690100115,
388.8305666763937,
