z = [
-1.5,
-1.494,
-1.488,
-1.482,
-1.476,
-1.47,
-1.464,
-1.458,
-1.452,
-1.446,
-1.44,
-1.434,
-1.428,
-1.422,
-1.416,
-1.41,
-1.404,
-1.398,
-1.392,
-1.386,
-1.38,
-1.374,
-1.368,
-1.362,
-1.356,
-1.35,
-1.344,
-1.338,
-1.332,
-1.326,
-1.32,
-1.314,
-1.308,
-1.302,
-1.296,
-1.29,
-1.284,
-1.278,
-1.272,
-1.266,
-1.26,
-1.254,
-1.248,
-1.242,
-1.236,
-1.23,
-1.224,
-1.218,
-1.212,
-1.206,
-1.2,
-1.194,
-1.188,
-1.182,
-1.176,
-1.17,
-1.164,
-1.158,
-1.152,
-1.146,
-1.14,
-1.134,
-1.128,
-1.122,
-1.116,
-1.11,
-1.104,
-1.098,
-1.092,
-1.086,
-1.08,
-1.074,
-1.068,
-1.062,
-1.056,
-1.05,
-1.044,
-1.038,
-1.032,
-1.026,
-1.02,
-1.014,
-1.008,
-1.002,
-0.996,
-0.99,
-0.984,
-0.978,
-0.972,
-0.966,
-0.96,
-0.954,
-0.948,
-0.942,
-0.936,
-0.93,
-0.924,
-0.918,
-0.912,
-0.906,
-0.9,
-0.894,
-0.888,
-0.882,
-0.876,
-0.87,
-0.864,
-0.858,
-0.852,
-0.846,
-0.84,
-0.834,
-0.828,
-0.822,
-0.816,
-0.81,
-0.804,
-0.798,
-0.792,
-0.786,
-0.78,
-0.774,
-0.768,
-0.762,
-0.756,
-0.75,
-0.744,
-0.738,
-0.732,
-0.726,
-0.72,
-0.714,
-0.708,
-0.702,
-0.696,
-0.69,
-0.684,
-0.678,
-0.672,
-0.666,
-0.66,
-0.654,
-0.648,
-0.642,
-0.636,
-0.63,
-0.624,
-0.618,
-0.612,
-0.606,
-0.6,
-0.594,
-0.588,
-0.582,
-0.576,
-0.57,
-0.564,
-0.558,
-0.552,
-0.546,
-0.54,
-0.534,
-0.528,
-0.522,
-0.516,
-0.51,
-0.504,
-0.498,
-0.492,
-0.486,
-0.48,
-0.474,
-0.468,
-0.462,
-0.456,
-0.45,
-0.444,
-0.438,
-0.432,
-0.426,
-0.42,
-0.414,
-0.408,
-0.402,
-0.396,
-0.39,
-0.384,
-0.378,
-0.372,
-0.366,
-0.36,
-0.354,
-0.348,
-0.342,
-0.336,
-0.33,
-0.324,
-0.318,
-0.312,
-0.306,
-0.3,
-0.294,
-0.288,
-0.282,
-0.276,
-0.27,
-0.264,
-0.258,
-0.252,
-0.246,
-0.24,
-0.234,
-0.228,
-0.222,
-0.216,
-0.21,
-0.204,
-0.198,
-0.192,
-0.186,
-0.18,
-0.174,
-0.168,
-0.162,
-0.156,
-0.15,
-0.144,
-0.138,
-0.132,
-0.126,
-0.12,
-0.114,
-0.108,
-0.102,
-0.096,
-0.09,
-0.084,
-0.078,
-0.072,
-0.066,
-0.06,
-0.054,
-0.048,
-0.042,
-0.036,
-0.03,
-0.024,
-0.018,
-0.012,
-0.006,
0.0,
0.006,
0.012,
0.018,
0.024,
0.03,
0.036,
0.042,
0.048,
0.054,
0.06,
0.066,
0.072,
0.078,
0.084,
0.09,
0.096,
0.102,
0.108,
0.114,
0.12,
0.126,
0.132,
0.138,
0.144,
0.15,
0.156,
0.162,
0.168,
0.174,
0.18,
0.186,
0.192,
0.198,
0.204,
0.21,
0.216,
0.222,
0.228,
0.234,
0.24,
0.246,
0.252,
0.258,
0.264,
0.27,
0.276,
0.282,
0.288,
0.294,
0.3,
0.306,
0.312,
0.318,
0.324,
0.33,
0.336,
0.342,
0.348,
0.354,
0.36,
0.366,
0.372,
0.378,
0.384,
0.39,
0.396,
0.402,
0.408,
0.414,
0.42,
0.426,
0.432,
0.438,
0.444,
0.45,
0.456,
0.462,
0.468,
0.474,
0.48,
0.486,
0.492,
0.498,
0.504,
0.51,
0.516,
0.522,
0.528,
0.534,
0.54,
0.546,
0.552,
0.558,
0.564,
0.57,
0.576,
0.582,
0.588,
0.594,
0.6,
0.606,
0.612,
0.618,
0.624,
0.63,
0.636,
0.642,
0.648,
0.654,
0.66,
0.666,
0.672,
0.678,
0.684,
0.69,
0.696,
0.702,
0.708,
0.714,
0.72,
0.726,
0.732,
0.738,
0.744,
0.75,
0.756,
0.762,
0.768,
0.774,
0.78,
0.786,
0.792,
0.798,
0.804,
0.81,
0.816,
0.822,
0.828,
0.834,
0.84,
0.846,
0.852,
0.858,
0.864,
0.87,
0.876,
0.882,
0.888,
0.894,
0.9,
0.906,
0.912,
0.918,
0.924,
0.93,
0.936,
0.942,
0.948,
0.954,
0.96,
0.966,
0.972,
0.978,
0.984,
0.99,
0.996,
1.002,
1.008,
1.014,
1.02,
1.026,
1.032,
1.038,
1.044,
1.05,
1.056,
1.062,
1.068,
1.074,
1.08,
1.086,
1.092,
1.098,
1.104,
1.11,
1.116,
1.122,
1.128,
1.134,
1.14,
1.146,
1.152,
1.158,
1.164,
1.17,
1.176,
1.182,
1.188,
1.194,
1.2,
1.206,
1.212,
1.218,
1.224,
1.23,
1.236,
1.242,
1.248,
1.254,
1.26,
1.266,
1.272,
1.278,
1.284,
1.29,
1.296,
1.302,
1.308,
1.314,
1.32,
1.326,
1.332,
1.338,
1.344,
1.35,
1.356,
1.362,
1.368,
1.374,
1.38,
1.386,
1.392,
1.398,
1.404,
1.41,
1.416,
1.422,
1.428,
1.434,
1.44,
1.446,
1.452,
1.458,
1.464,
1.47,
1.476,
1.482,
1.488,
1.494,
1.5,];
cz = [
355.0,
355.0418408206956,
355.08688406026897,
355.13512810625184,
355.1865712315929,
355.2412115947192,
355.2990472396024,
355.36007609582873,
355.4242959786733,
355.49170458917786,
355.5622995142335,
355.63607822666665,
355.71303808533025,
355.79317633519736,
355.87649010746054,
355.9629764196342,
356.0526321756614,
356.1454541660247,
356.24143906786105,
356.34058344508105,
356.4428837484912,
356.5483363159219,
356.6569373723577,
356.768683030073,
356.8835692887711,
357.0015920357272,
357.12274704593585,
357.247029982262,
357.3744363955966,
357.5049617250154,
357.6386012979427,
357.77535033031825,
357.91520392676875,
358.05815708078285,
358.20420467489066,
358.3533414808469,
358.5055621598176,
358.6608612625721,
358.81923322967714,
358.98067239169666,
359.1451729693945,
359.3127290739408,
359.48333470712373,
359.65698376156365,
359.83367002093144,
360.0133871601719,
360.1961287457294,
360.3818882357788,
360.5706589804588,
360.76243422211087,
360.95720709552086,
361.1549706281645,
361.3557177404574,
361.5594412460082,
361.7661338518758,
361.9757881588308,
362.18839666162,
362.4039517492354,
362.6224457051861,
362.8438707077752,
363.0682188303797,
363.2954820417335,
363.52565220621614,
363.75872108414285,
363.9946803320603,
364.23352150304504,
364.47523604700586,
364.7198153109898,
364.96725053949206,
365.2175328747694,
365.47065335715695,
365.72660292538967,
365.98537241692577,
366.24695256827556,
366.5113340153324,
366.77850729370834,
367.04846283907295,
367.32119098749547,
367.59668197579083,
367.87492594186904,
368.1559129250886,
368.4396328666129,
368.72607560976996,
369.01523090041667,
369.30708838730516,
369.60163762245406,
369.89886806152197,
370.19876906418517,
370.50132989451845,
370.80653972137964,
371.11438761879697,
371.4248625663606,
371.73795344961684,
372.0536490604661,
372.3719380975642,
372.692809166727,
373.01625078133804,
373.34225136275984,
373.67079924074847,
374.00188265387146,
374.33548974992857,
374.671608586376,
375.0102271307544,
375.35133326111907,
375.6949147664741,
376.04095934720976,
376.3894546155425,
376.74038809595834,
377.09374722565974,
377.44951935501524,
377.8076917480123,
378.16825158271297,
378.5311859517134,
378.89648186260524,
379.2641262384416,
379.63410591820434,
380.00640765727576,
380.3810181279123,
380.7579239197222,
381.13711154014516,
381.5185674149353,
381.9022778886474,
382.28822922512563,
382.6764076079951,
383.0667991411567,
383.45938984928443,
383.8541656783258,
384.25111249600457,
384.65021609232724,
385.05146218009133,
385.45483639539714,
385.86032429816146,
386.267911372635,
386.67758302792186,
387.0893245985018,
387.5031213447551,
387.91895845349075,
388.33682103847593,
388.7566941409699,
389.1785627302585,
389.6024117041926,
390.02822588972936,
390.45599004347446,
390.885688852228,
391.31730693353325,
391.7508288362267,
392.1862390409915,
392.62352196091274,
393.0626619420358,
393.5036432639265,
393.946450140234,
394.39106671925583,
394.83747708450505,
395.28566525528083,
395.7356151872398,
396.1873107729705,
396.6407358425705,
397.0958741642247,
397.55270944478673,
398.01122533036187,
398.4714054068929,
398.9332332007475,
399.39669217930793,
399.861765751563,
400.3284372687018,
400.79669002470996,
401.26650725696743,
401.73787214684876,
402.21076782032503,
402.6851773485681,
403.1610837485564,
403.63846998368297,
404.1173189643656,
404.59761354865793,
405.0793365428641,
405.5624707021533,
406.0469987311776,
406.5329032846911,
407.02016696817066,
407.5087723384388,
407.9987019042878,
408.4899381271065,
408.9824634215072,
409.4762601559562,
409.9713106534041,
410.46759719191937,
410.965102005322,
411.4638072838204,
411.9636951746479,
412.46474778270283,
412.9669471711884,
413.4702753622554,
413.9747143376453,
414.4802460393354,
414.9868523701856,
415.4945151945856,
416.0032163391048,
416.5129375931425,
417.0236607095799,
417.53536740543313,
418.04803936250823,
418.5616582280562,
419.0762056154309,
419.5916631047462,
420.10801224353634,
420.62523454741586,
421.1433115007417,
421.66222455727575,
422.1819551408488,
422.70248464602594,
423.22379443877196,
423.7458658571188,
424.2686802118337,
424.792218787088,
425.3164628411271,
425.84139360694166,
426.36699229293936,
426.89324008361734,
427.4201181402359,
427.94760760149313,
428.4756895841998,
429.0043451839556,
429.53355547582544,
430.06330151501754,
