z = [
-1.5,
-1.494,
-1.488,
-1.482,
-1.476,
-1.47,
-1.464,
-1.458,
-1.452,
-1.446,
-1.44,
-1.434,
-1.428,
-1.422,
-1.416,
-1.41,
-1.404,
-1.398,
-1.392,
-1.386,
-1.38,
-1.374,
-1.368,
-1.362,
-1.356,
-1.35,
-1.344,
-1.338,
-1.332,
-1.326,
-1.32,
-1.314,
-1.308,
-1.302,
-1.296,
-1.29,
-1.284,
-1.278,
-1.272,
-1.266,
-1.26,
-1.254,
-1.248,
-1.242,
-1.236,
-1.23,
-1.224,
-1.218,
-1.212,
-1.206,
-1.2,
-1.194,
-1.188,
-1.182,
-1.176,
-1.17,
-1.164,
-1.158,
-1.152,
-1.146,
-1.14,
-1.134,
-1.128,
-1.122,
-1.116,
-1.11,
-1.104,
-1.098,
-1.092,
-1.086,
-1.08,
-1.074,
-1.068,
-1.062,
-1.056,
-1.05,
-1.044,
-1.038,
-1.032,
-1.026,
-1.02,
-1.014,
-1.008,
-1.002,
-0.996,
-0.99,
-0.984,
-0.978,
-0.972,
-0.966,
-0.96,
-0.954,
-0.948,
-0.942,
-0.936,
-0.93,
-0.924,
-0.918,
-0.912,
-0.906,
-0.9,
-0.894,
-0.888,
-0.882,
-0.876,
-0.87,
-0.864,
-0.858,
-0.852,
-0.846,
-0.84,
-0.834,
-0.828,
-0.822,
-0.816,
-0.81,
-0.804,
-0.798,
-0.792,
-0.786,
-0.78,
-0.774,
-0.768,
-0.762,
-0.756,
-0.75,
-0.744,
-0.738,
-0.732,
-0.726,
-0.72,
-0.714,
-0.708,
-0.702,
-0.696,
-0.69,
-0.684,
-0.678,
-0.672,
-0.666,
-0.66,
-0.654,
-0.648,
-0.642,
-0.636,
-0.63,
-0.624,
-0.618,
-0.612,
-0.606,
-0.6,
-0.594,
-0.588,
-0.582,
-0.576,
-0.57,
-0.564,
-0.558,
-0.552,
-0.546,
-0.54,
-0.534,
-0.528,
-0.522,
-0.516,
-0.51,
-0.504,
-0.498,
-0.492,
-0.486,
-0.48,
-0.474,
-0.468,
-0.462,
-0.456,
-0.45,
-0.444,
-0.438,
-0.432,
-0.426,
-0.42,
-0.414,
-0.408,
-0.402,
-0.396,
-0.39,
-0.384,
-0.378,
-0.372,
-0.366,
-0.36,
-0.354,
-0.348,
-0.342,
-0.336,
-0.33,
-0.324,
-0.318,
-0.312,
-0.306,
-0.3,
-0.294,
-0.288,
-0.282,
-0.276,
-0.27,
-0.264,
-0.258,
-0.252,
-0.246,
-0.24,
-0.234,
-0.228,
-0.222,
-0.216,
-0.21,
-0.204,
-0.198,
-0.192,
-0.186,
-0.18,
-0.174,
-0.168,
-0.162,
-0.156,
-0.15,
-0.144,
-0.138,
-0.132,
-0.126,
-0.12,
-0.114,
-0.108,
-0.102,
-0.096,
-0.09,
-0.084,
-0.078,
-0.072,
-0.066,
-0.06,
-0.054,
-0.048,
-0.042,
-0.036,
-0.03,
-0.024,
-0.018,
-0.012,
-0.006,
0.0,
0.006,
0.012,
0.018,
0.024,
0.03,
0.036,
0.042,
0.048,
0.054,
0.06,
0.066,
0.072,
0.078,
0.084,
0.09,
0.096,
0.102,
0.108,
0.114,
0.12,
0.126,
0.132,
0.138,
0.144,
0.15,
0.156,
0.162,
0.168,
0.174,
0.18,
0.186,
0.192,
0.198,
0.204,
0.21,
0.216,
0.222,
0.228,
0.234,
0.24,
0.246,
0.252,
0.258,
0.264,
0.27,
0.276,
0.282,
0.288,
0.294,
0.3,
0.306,
0.312,
0.318,
0.324,
0.33,
0.336,
0.342,
0.348,
0.354,
0.36,
0.366,
0.372,
0.378,
0.384,
0.39,
0.396,
0.402,
0.408,
0.414,
0.42,
0.426,
0.432,
0.438,
0.444,
0.45,
0.456,
0.462,
0.468,
0.474,
0.48,
0.486,
0.492,
0.498,
0.504,
0.51,
0.516,
0.522,
0.528,
0.534,
0.54,
0.546,
0.552,
0.558,
0.564,
0.57,
0.576,
0.582,
0.588,
0.594,
0.6,
0.606,
0.612,
0.618,
0.624,
0.63,
0.636,
0.642,
0.648,
0.654,
0.66,
0.666,
0.672,
0.678,
0.684,
0.69,
0.696,
0.702,
0.708,
0.714,
0.72,
0.726,
0.732,
0.738,
0.744,
0.75,
0.756,
0.762,
0.768,
0.774,
0.78,
0.786,
0.792,
0.798,
0.804,
0.81,
0.816,
0.822,
0.828,
0.834,
0.84,
0.846,
0.852,
0.858,
0.864,
0.87,
0.876,
0.882,
0.888,
0.894,
0.9,
0.906,
0.912,
0.918,
0.924,
0.93,
0.936,
0.942,
0.948,
0.954,
0.96,
0.966,
0.972,
0.978,
0.984,
0.99,
0.996,
1.002,
1.008,
1.014,
1.02,
1.026,
1.032,
1.038,
1.044,
1.05,
1.056,
1.062,
1.068,
1.074,
1.08,
1.086,
1.092,
1.098,
1.104,
1.11,
1.116,
1.122,
1.128,
1.134,
1.14,
1.146,
1.152,
1.158,
1.164,
1.17,
1.176,
1.182,
1.188,
1.194,
1.2,
1.206,
1.212,
1.218,
1.224,
1.23,
1.236,
1.242,
1.248,
1.254,
1.26,
1.266,
1.272,
1.278,
1.284,
1.29,
1.296,
1.302,
1.308,
1.314,
1.32,
1.326,
1.332,
1.338,
1.344,
1.35,
1.356,
1.362,
1.368,
1.374,
1.38,
1.386,
1.392,
1.398,
1.404,
1.41,
1.416,
1.422,
1.428,
1.434,
1.44,
1.446,
1.452,
1.458,
1.464,
1.47,
1.476,
1.482,
1.488,
1.494,
1.5,];
git = [
359.57183683513824,
359.82089006178944,
360.2183350502278,
360.6188898112273,
361.0224874199374,
361.42911430997094,
361.83875682574615,
362.2514012019916,
362.6670335641412,
363.0856399287393,
363.5072062038497,
363.9317181894694,
364.35916157794315,
364.7895219543826,
365.22278479708893,
365.65893547797805,
366.097959263009,
366.5398413126155,
366.9845666821418,
367.43212032227996,
367.8824870795114,
368.3356516965507,
368.7915988127944,
369.25031296477016,
369.71177858659144,
370.17598001041415,
370.6429014668961,
371.1125270856601,
371.584840895761,
372.05982682615297,
372.5374687061635,
373.0177502659677,
373.50065513706625,
373.9861668527674,
374.4742688486705,
374.96494446315444,
375.45817693786626,
375.95394941821644,
376.45224495387333,
376.95304649926413,
377.456336914076,
377.96209896376104,
378.47031532004644,
378.98096856144366,
379.49404117376355,
380.00951555063307,
380.52737399401633,
381.0475987147363,
381.5701718330017,
382.0950753789357,
382.6222912931081,
383.1518014270696,
383.68358754389044,
384.2176313187001,
384.753914339232,
385.2924181063694,
385.83312403469483,
386.3760134530444,
386.9210676050601,
387.4682676497507,
388.01759466205294,
388.5690296333938,
389.12255347226005,
389.6781470047671,
390.2357909752318,
390.79546604674977,
391.3571528017733,
391.9208317426936,
392.4864832924259,
393.0540877949967,
393.6236255161348,
394.1950766438657,
394.7684212891071,
395.3436394862698,
395.920711193859,
396.49961629508084,
397.0803345984514,
397.6628458384064,
398.247129675918,
398.8331656991106,
399.42093342388193,
400.0104122945271,
400.6015816843642,
401.19442089636425,
401.7889091637835,
402.38502565079955,
402.98274945314927,
403.5820595987701,
404.18293504844564,
404.7853546964527,
405.3892973712117,
405.994741835941,
406.60166678931296,
407.2100508661148,
407.81987263790984,
408.4311106137054,
409.0437432406204,
409.6577489045578,
410.2731059308802,
410.8897925850873,
411.5077870734983,
412.1270675439356,
412.74761208641246,
413.3693987338239,
413.99240546264025,
414.6166101936045,
415.2419907924319,
415.8685250705132,
416.496190785621,
417.12496564261994,
417.75482729417763,
418.385753341482,
419.01772133495956,
419.6507087749976,
420.2846931126692,
420.919651750462,
421.5555620430097,
422.19240129782645,
422.83014677604547,
423.4687756931596,
424.10826521976605,
424.7485924823136,
425.3897345638535,
426.0316685047935,
426.6743713036549,
427.3178199178325,
427.96199126435897,
428.60686222067056,
429.25240962537805,
429.89861027903896,
430.5454409449353,
431.1928783498512,
431.8408991848577,
432.4894801060974,
433.1385977355744,
433.7882286619466,
434.4383494413213,
435.0889365980536,
435.73996662554964,
436.3914159870707,
437.04326111654245,
437.69547841936617,
438.3480442732342,
439.0009350289472,
439.65412701123637,
440.3075965195869,
440.9613198290667,
441.6152731911561,
442.2694328345831,
442.92377496615916,
443.5782757716205,
444.232911416471,
444.8876580468292,
445.54249179027784,
446.19738875671646,
446.8523250392177,
447.5072767148863,
448.1622198457211,
448.8171304794805,
449.47198465055067,
450.1267583808168,
450.7814276805374,
451.43596854922237,
452.0903569765128,
452.74456894306456,
453.3985804214349,
454.05236737697203,
454.7059057687071,
455.35917155024947,
456.01214067068554,
456.6647890754791,
457.3170927073759,
457.96902750731067,
458.6205694153157,
459.27169437143493,
459.9223783166383,
460.5725971937396,
461.2223269483186,
461.8715435296434,
462.5202228915972,
463.16834099360676,
463.81587380157555,
464.46279728881586,
465.1090874369871,
465.7547202370349,
466.3996716901328,
467.0439178086265,
467.6874346169816,
468.33019815273224,
468.9721844674332,
469.6133696276137,
470.25372971573483,
470.8932408311472,
471.5318790910526,
472.1696206314675,
472.80644160818815,
473.4423181977588,
474.07722659844137,
474.7111430311867,
475.3440437406098,
475.97590499596447,
476.6067030921221,
477.2364143505515,
477.86501512029986,
478.4924817789771,
479.1187907337413,
479.7439184222849,
480.3678413138241,
480.9905359100894,
481.6119787463173,
482.232146392244,
482.8510154531002,
483.4685625706081,
484.084764423979,
484.6995977309123,
485.3130392485965,
485.9250657747107,
486.5356541484276,
487.1447812514175,
487.75242400885327,
488.3585593904169,
488.96316441130614,
489.56621613324285,
490.16769166548113,
490.7675681658178,
