z = [
-1.5,
-1.494,
-1.488,
-1.482,
-1.476,
-1.47,
-1.464,
-1.458,
-1.452,
-1.446,
-1.44,
-1.434,
-1.428,
-1.422,
-1.416,
-1.41,
-1.404,
-1.398,
-1.392,
-1.386,
-1.38,
-1.374,
-1.368,
-1.362,
-1.356,
-1.35,
-1.344,
-1.338,
-1.332,
-1.326,
-1.32,
-1.314,
-1.308,
-1.302,
-1.296,
-1.29,
-1.284,
-1.278,
-1.272,
-1.266,
-1.26,
-1.254,
-1.248,
-1.242,
-1.236,
-1.23,
-1.224,
-1.218,
-1.212,
-1.206,
-1.2,
-1.194,
-1.188,
-1.182,
-1.176,
-1.17,
-1.164,
-1.158,
-1.152,
-1.146,
-1.14,
-1.134,
-1.128,
-1.122,
-1.116,
-1.11,
-1.104,
-1.098,
-1.092,
-1.086,
-1.08,
-1.074,
-1.068,
-1.062,
-1.056,
-1.05,
-1.044,
-1.038,
-1.032,
-1.026,
-1.02,
-1.014,
-1.008,
-1.002,
-0.996,
-0.99,
-0.984,
-0.978,
-0.972,
-0.966,
-0.96,
-0.954,
-0.948,
-0.942,
-0.936,
-0.93,
-0.924,
-0.918,
-0.912,
-0.906,
-0.9,
-0.894,
-0.888,
-0.882,
-0.876,
-0.87,
-0.864,
-0.858,
-0.852,
-0.846,
-0.84,
-0.834,
-0.828,
-0.822,
-0.816,
-0.81,
-0.804,
-0.798,
-0.792,
-0.786,
-0.78,
-0.774,
-0.768,
-0.762,
-0.756,
-0.75,
-0.744,
-0.738,
-0.732,
-0.726,
-0.72,
-0.714,
-0.708,
-0.702,
-0.696,
-0.69,
-0.684,
-0.678,
-0.672,
-0.666,
-0.66,
-0.654,
-0.648,
-0.642,
-0.636,
-0.63,
-0.624,
-0.618,
-0.612,
-0.606,
-0.6,
-0.594,
-0.588,
-0.582,
-0.576,
-0.57,
-0.564,
-0.558,
-0.552,
-0.546,
-0.54,
-0.534,
-0.528,
-0.522,
-0.516,
-0.51,
-0.504,
-0.498,
-0.492,
-0.486,
-0.48,
-0.474,
-0.468,
-0.462,
-0.456,
-0.45,
-0.444,
-0.438,
-0.432,
-0.426,
-0.42,
-0.414,
-0.408,
-0.402,
-0.396,
-0.39,
-0.384,
-0.378,
-0.372,
-0.366,
-0.36,
-0.354,
-0.348,
-0.342,
-0.336,
-0.33,
-0.324,
-0.318,
-0.312,
-0.306,
-0.3,
-0.294,
-0.288,
-0.282,
-0.276,
-0.27,
-0.264,
-0.258,
-0.252,
-0.246,
-0.24,
-0.234,
-0.228,
-0.222,
-0.216,
-0.21,
-0.204,
-0.198,
-0.192,
-0.186,
-0.18,
-0.174,
-0.168,
-0.162,
-0.156,
-0.15,
-0.144,
-0.138,
-0.132,
-0.126,
-0.12,
-0.114,
-0.108,
-0.102,
-0.096,
-0.09,
-0.084,
-0.078,
-0.072,
-0.066,
-0.06,
-0.054,
-0.048,
-0.042,
-0.036,
-0.03,
-0.024,
-0.018,
-0.012,
-0.006,
0.0,
0.006,
0.012,
0.018,
0.024,
0.03,
0.036,
0.042,
0.048,
0.054,
0.06,
0.066,
0.072,
0.078,
0.084,
0.09,
0.096,
0.102,
0.108,
0.114,
0.12,
0.126,
0.132,
0.138,
0.144,
0.15,
0.156,
0.162,
0.168,
0.174,
0.18,
0.186,
0.192,
0.198,
0.204,
0.21,
0.216,
0.222,
0.228,
0.234,
0.24,
0.246,
0.252,
0.258,
0.264,
0.27,
0.276,
0.282,
0.288,
0.294,
0.3,
0.306,
0.312,
0.318,
0.324,
0.33,
0.336,
0.342,
0.348,
0.354,
0.36,
0.366,
0.372,
0.378,
0.384,
0.39,
0.396,
0.402,
0.408,
0.414,
0.42,
0.426,
0.432,
0.438,
0.444,
0.45,
0.456,
0.462,
0.468,
0.474,
0.48,
0.486,
0.492,
0.498,
0.504,
0.51,
0.516,
0.522,
0.528,
0.534,
0.54,
0.546,
0.552,
0.558,
0.564,
0.57,
0.576,
0.582,
0.588,
0.594,
0.6,
0.606,
0.612,
0.618,
0.624,
0.63,
0.636,
0.642,
0.648,
0.654,
0.66,
0.666,
0.672,
0.678,
0.684,
0.69,
0.696,
0.702,
0.708,
0.714,
0.72,
0.726,
0.732,
0.738,
0.744,
0.75,
0.756,
0.762,
0.768,
0.774,
0.78,
0.786,
0.792,
0.798,
0.804,
0.81,
0.816,
0.822,
0.828,
0.834,
0.84,
0.846,
0.852,
0.858,
0.864,
0.87,
0.876,
0.882,
0.888,
0.894,
0.9,
0.906,
0.912,
0.918,
0.924,
0.93,
0.936,
0.942,
0.948,
0.954,
0.96,
0.966,
0.972,
0.978,
0.984,
0.99,
0.996,
1.002,
1.008,
1.014,
1.02,
1.026,
1.032,
1.038,
1.044,
1.05,
1.056,
1.062,
1.068,
1.074,
1.08,
1.086,
1.092,
1.098,
1.104,
1.11,
1.116,
1.122,
1.128,
1.134,
1.14,
1.146,
1.152,
1.158,
1.164,
1.17,
1.176,
1.182,
1.188,
1.194,
1.2,
1.206,
1.212,
1.218,
1.224,
1.23,
1.236,
1.242,
1.248,
1.254,
1.26,
1.266,
1.272,
1.278,
1.284,
1.29,
1.296,
1.302,
1.308,
1.314,
1.32,
1.326,
1.332,
1.338,
1.344,
1.35,
1.356,
1.362,
1.368,
1.374,
1.38,
1.386,
1.392,
1.398,
1.404,
1.41,
1.416,
1.422,
1.428,
1.434,
1.44,
1.446,
1.452,
1.458,
1.464,
1.47,
1.476,
1.482,
1.488,
1.494,
1.5,];
fit = [
370.86856051004065,
373.93667398410923,
375.35281908011393,
376.7790675151124,
378.20609137735096,
379.63390207223756,
381.06244998869215,
382.4916860995713,
383.9215615337831,
385.3520275796611,
386.7830356851314,
388.21453745788233,
389.6464846655126,
391.078829235659,
392.5115232561043,
393.944518974865,
395.3777688002598,
396.8112253009597,
398.2448412060197,
399.6785694048933,
401.11236294742855,
402.54617504384726,
403.97995906471044,
405.4136685408631,
406.84725716336834,
408.28067878342335,
409.7138874122609,
411.14683722103814,
412.57948254071107,
414.0117778618936,
415.4436778347075,
416.87513726861584,
418.3061111322462,
419.7365545532024,
421.16642281786335,
422.5956713711728,
424.0242558164156,
425.4521319149874,
426.8792555861504,
428.30558290678323,
429.7310701111187,
431.15567359047304,
432.5793498929702,
434.0020557232524,
435.4237479421863,
436.8443835665613,
438.26391976878006,
439.6823138765417,
441.09952337251934,
442.51550589403075,
443.9302192327035,
445.34362133413356,
446.75567029753995,
448.1663243754124,
449.5755419731555,
450.98328164872873,
452.38950211227973,
453.794162225778,
455.19722100263914,
456.5986376073505,
457.998371355092,
459.396381711352,
460.7926282915437,
462.1870708606174,
463.57966933266925,
464.97038377055117,
466.3591743854762,
467.74600153662345,
469.1308257307418,
470.5136076217517,
471.8943080103469,
473.27288784359587,
474.6493082145407,
476.02353036179875,
477.3955156691608,
478.7652256651918,
480.1326220228327,
481.49766655899816,
482.860321234181,
484.22054815205263,
485.57830955906684,
486.93356784406546,
488.2862855378827,
489.63642531295363,
490.9839499829228,
492.32882250225634,
493.6710059658536,
495.01046360866326,
496.34715880530064,
497.68105506966856,
499.0121160545781,
500.34030555137645,
501.6655874895729,
502.98792593647215,
504.30728509680716,
505.6236293123785,
506.93692306169453,
508.247130959616,
509.55421775700563,
510.8581483403791,
512.1588877315621,
513.4564010873498,
514.7506536991715,
516.0416109927587,
517.3292385278183,
518.6135019977102,
519.8943672291279,
521.1718001817859,
522.4457669481106,
523.7162337529371,
524.983166953208,
526.2465330376812,
527.5062986266407,
528.7624304716121,
530.0148954550842,
531.2636605902362,
532.5086930206699,
533.7499600201462,
534.9874289923303,
536.2210674705387,
537.4508431174955,
538.6767237250912,
539.8986772141498,
541.1166716342008,
542.3306751632571,
543.5406561075991,
544.7465829015655,
545.9484241073478,
547.146148414795,
548.3397246412208,
549.5291217312197,
550.7143087564868,
551.8952549156477,
553.0719295340906,
554.2443020638083,
555.4123420832448,
556.5760192971491,
557.7353035364354,
558.8901647580506,
560.0405730448471,
561.1864986054635,
562.3279117742118,
563.4647830109711,
564.5970829010878,
565.7247821552837,
566.8478516095694,
567.9662622251664,
569.079985088434,
570.1889914108054,
571.2932525287285,
572.3927399036154,
573.4874251217976,
574.5772798944893,
575.6622760577567,
576.742385572495,
577.8175805244118,
578.8878331240187,
579.953115706628,
581.0134007323585,
582.068660786147,
583.1188685777673,
584.1639969418565,
585.2040188379476,
586.2389073505104,
587.2686356889978,
588.2931771879008,
589.3125053068102,
590.3265936304836,
591.3354158689218,
592.3389458574519,
593.3371575568152,
594.330025053265,
595.3175225586705,
596.2996244106251,
597.2763050725672,
598.247539133902,
599.2133013101342,
600.1735664430066,
601.1283095006453,
602.0775055777111,
603.0211298955599,
603.9591578024084,
604.8915647735064,
605.8183264113173,
606.7394184457041,
607.654816734123,
608.5644972618228,
609.468436142053,
610.3666096162757,
611.258994054387,
612.1455659549425,
613.0263019453927,
613.9011787823202,
614.7701733516886,
615.6332626690942,
616.4904238800253,
617.3416342601297,
618.1868712154851,
619.0261122828782,
619.8593351300909,
620.6865175561899,
621.5076374918249,
622.3226729995328,
623.1316022740458,
623.9344036426095,
624.7310555653039,
625.5215366353704,
626.3058255795473,
627.083901258409,
627.8557426667115,
628.6213289337448,
629.3806393236889,
630.133653235978,
630.8803502056691,
631.620709903815,
632.3547121378464,
633.0823368519549,
633.8035641274856,
634.5183741833322,
635.2267473763391,
635.9286642017076,
636.6241052934087,
637.3130514245994,
637.9954835080453,
638.6713825965479,
639.3407298833762,
640.003506702705,
