corez = [
0.060000000000000005,
0.066,
0.07200000000000001,
0.07800000000000001,
0.08400000000000002,
0.09000000000000002,
0.09600000000000003,
0.10200000000000004,
0.10800000000000004,
0.11400000000000005,
0.12000000000000005,
0.12600000000000006,
0.13200000000000006,
0.13800000000000007,
0.14400000000000007,
0.15000000000000008,
0.15600000000000008,
0.1620000000000001,
0.1680000000000001,
0.1740000000000001,
0.1800000000000001,
0.1859999999999999,
0.1919999999999999,
0.1979999999999999,
0.2039999999999999,
0.2099999999999999,
0.21599999999999991,
0.22199999999999992,
0.22799999999999992,
0.23399999999999993,
0.23999999999999994,
0.24599999999999994,
0.25199999999999995,
0.25799999999999995,
0.26399999999999996,
0.26999999999999996,
0.27599999999999997,
0.282,
0.288,
0.294,
0.3,
0.306,
0.312,
0.318,
0.324,
0.33,
0.336,
0.342,
0.34800000000000003,
0.35400000000000004,
0.36000000000000004,
0.36600000000000005,
0.37200000000000005,
0.37800000000000006,
0.38400000000000006,
0.39000000000000007,
0.3960000000000001,
0.4020000000000001,
0.4080000000000001,
0.4140000000000001,
0.4200000000000001,
0.4260000000000001,
0.4320000000000001,
0.4379999999999999,
0.4439999999999999,
0.4499999999999999,
0.4559999999999999,
0.4619999999999999,
0.4679999999999999,
0.4739999999999999,
0.4799999999999999,
0.48599999999999993,
0.49199999999999994,
0.49799999999999994,
0.504,
0.51,
0.516,
0.522,
0.528,
0.534,
0.54,
0.546,
0.552,
0.558,
0.5640000000000001,
0.5700000000000001,
0.5760000000000001,
0.5820000000000001,
0.5880000000000001,
0.5940000000000001,
0.6000000000000001,
0.6060000000000001,
0.6120000000000001,
0.6180000000000001,
0.624,
0.63,
0.636,
0.642,
0.648,
0.654,
0.66,
0.666,
0.672,
0.678,
0.684,
0.6900000000000001,
0.6960000000000001,
0.7020000000000001,
0.7080000000000001,
0.7140000000000001,
0.7200000000000001,
0.7260000000000001,
0.7320000000000001,
0.7380000000000001,
0.7440000000000001,
0.75,
0.756,
0.762,
0.768,
0.774,
0.78,
0.786,
0.792,
0.798,
0.804,
0.81,
0.8160000000000001,
0.8220000000000001,
0.8280000000000001,
0.8340000000000001,
0.8400000000000001,
0.8460000000000001,
0.8520000000000001,
0.8580000000000001,
0.8640000000000001,
0.8700000000000001,
0.876,
0.882,
0.888,
0.894,
0.9,
0.906,
0.912,
0.918,
0.924,
0.93,
0.936,
0.9420000000000001,
0.9480000000000001,
0.9540000000000001,
0.9600000000000001,
0.9660000000000001,
0.9720000000000001,
0.9780000000000001,
0.9840000000000001,
0.9900000000000001,
0.9960000000000001,
1.002,
1.008,
1.014,
1.02,
1.026,
1.032,
1.038,
1.044,
1.05,
1.056,
1.062,
1.068,
1.074,
1.08,
1.086,
1.092,
1.098,
1.104,
1.11,
1.116,
1.122,
1.1280000000000001,
1.1340000000000001,
1.1400000000000001,
1.1460000000000001,
1.1520000000000001,
1.158,
1.1640000000000001,
1.17,
1.1760000000000002,
1.182,
1.1880000000000002,
1.194,
1.2000000000000002,
1.206,
1.2120000000000002,
1.218,
1.224,
1.23,
1.236,
1.242,
1.248,
1.254,
1.26,
1.266,
1.272,
1.278,
1.284,
1.29,
1.296,
1.302,
1.308,
1.314,
1.32,
1.326,
1.332,
1.338,
1.344,
1.35,
1.356,
1.362,
1.368,
1.374,
1.3800000000000001,
1.3860000000000001,
1.3920000000000001,
1.3980000000000001,
1.4040000000000001,
1.4100000000000001,
1.4160000000000001,
1.4220000000000002,
1.428,
1.4340000000000002,
1.44,
1.446,
1.452,
1.458,
1.464,
1.47,
1.476,
1.482,
1.488,
1.494,
1.5,
1.506,
1.512,
1.518,
1.524,
1.53,
1.536,
1.542,
1.548,
1.554,
1.56,
1.566,
1.572,
1.578,
1.584,
1.59,
1.596,
1.602,
1.608,
1.614,
1.62,
1.6260000000000001,
1.6320000000000001,
1.6380000000000001,
1.6440000000000001,
1.6500000000000001,
1.6560000000000001,
1.6620000000000001,
1.6680000000000001,
1.6740000000000002,
1.6800000000000002,
1.686,
1.6920000000000002,
1.698,
1.704,
1.71,
1.716,
1.722,
1.728,
1.734,
1.74,
1.746,
1.752,
1.758,
1.764,
1.77,
1.776,
1.782,
1.788,
1.794,
1.8,
1.806,
1.812,
1.818,
1.824,
1.83,
1.836,
1.842,
1.848,
1.854,
1.86,
1.866,
1.872,
1.8780000000000001,
1.8840000000000001,
1.8900000000000001,
1.8960000000000001,
1.9020000000000001,
1.908,
1.9140000000000001,
1.92,
1.9260000000000002,
1.932,
1.9380000000000002,
1.944,
1.9500000000000002,
1.956,
1.9620000000000002,
1.968,
1.974,
1.98,
1.986,
1.992,
1.998,
2.004,
2.01,
2.016,
2.022,
2.028,
2.034,
2.04,
2.046,
2.052,
2.058,
2.064,
2.07,
2.076,
2.0820000000000003,
2.088,
2.094,
2.1,
2.1060000000000003,
2.112,
2.118,
2.124,
2.13,
2.136,
2.142,
2.148,
2.154,
2.16,
2.166,
2.172,
2.178,
2.184,
2.19,
2.196,
2.202,
2.208,
2.214,
2.22,
2.226,
2.232,
2.238,
2.244,
2.25,
2.256,
2.262,
2.2680000000000002,
2.274,
2.28,
2.286,
2.2920000000000003,
2.298,
2.304,
2.31,
2.3160000000000003,
2.322,
2.328,
2.334,
2.3400000000000003,
2.346,
2.352,
2.358,
2.3640000000000003,
2.37,
2.376,
2.382,
2.388,
2.394,
2.4,
2.406,
2.412,
2.418,
2.424,
2.43,
2.436,
2.442,
2.448,
2.454,
2.46,
2.466,
2.472,
2.478,
2.484,
2.49,
2.496,
2.5020000000000002,
2.508,
2.514,
2.52,
2.5260000000000002,
2.532,
2.538,
2.544,
2.5500000000000003,
2.556,
2.562,
2.568,
2.5740000000000003,
2.58,
2.586,
2.592,
2.5980000000000003,
2.604,
2.61,
2.616,
2.6220000000000003,
2.628,
2.634,
2.64,
2.6460000000000004,
2.652,
2.658,
2.664,
2.6700000000000004,
2.676,
2.682,
2.688,
2.694,
2.6999999999999997,
2.706,
2.712,
2.718,
2.7239999999999998,
2.73,
2.736,
2.742,
2.7479999999999998,
2.754,
2.7600000000000002,
2.766,
2.772,
2.778,
2.7840000000000003,
2.79,
2.796,
2.802,
2.8080000000000003,
2.814,
2.82,
2.826,
2.8320000000000003,
2.838,
2.844,
2.85,
2.8560000000000003,
2.862,
2.868,
2.874,
2.8800000000000003,
2.886,
2.892,
2.898,
2.9040000000000004,
2.91,
2.916,
2.922,
2.9280000000000004,
2.934,
2.94,
2.946,
2.952,
2.9579999999999997,
2.964,
2.97,
2.976,
2.9819999999999998,
2.988,
2.994,
3.0,
3.006,
3.012,
3.0180000000000002,
3.024,
3.03,
3.036,
3.0420000000000003,
3.048,
3.054,
3.06,];
