
DETdpaspec = [
    1    1    1    1    1    1    1    1    1    1  0.00000E+00 0.00000 
    2    2    1    1    1    1    1    1    1    1  0.00000E+00 0.00000 
    3    3    1    1    1    1    1    1    1    1  0.00000E+00 0.00000 
    4    4    1    1    1    1    1    1    1    1  0.00000E+00 0.00000 
    5    5    1    1    1    1    1    1    1    1  0.00000E+00 0.00000 
    6    6    1    1    1    1    1    1    1    1  0.00000E+00 0.00000 
    7    7    1    1    1    1    1    1    1    1  0.00000E+00 0.00000 
    8    8    1    1    1    1    1    1    1    1  0.00000E+00 0.00000 
    9    9    1    1    1    1    1    1    1    1  0.00000E+00 0.00000 
   10   10    1    1    1    1    1    1    1    1  0.00000E+00 0.00000 
   11   11    1    1    1    1    1    1    1    1  0.00000E+00 0.00000 
   12   12    1    1    1    1    1    1    1    1  0.00000E+00 0.00000 
   13   13    1    1    1    1    1    1    1    1  0.00000E+00 0.00000 
   14   14    1    1    1    1    1    1    1    1  0.00000E+00 0.00000 
   15   15    1    1    1    1    1    1    1    1  0.00000E+00 0.00000 
   16   16    1    1    1    1    1    1    1    1  0.00000E+00 0.00000 
   17   17    1    1    1    1    1    1    1    1  0.00000E+00 0.00000 
   18   18    1    1    1    1    1    1    1    1  0.00000E+00 0.00000 
   19   19    1    1    1    1    1    1    1    1  5.35267E+08 0.23452 
   20   20    1    1    1    1    1    1    1    1  1.13130E+08 0.22472 
   21   21    1    1    1    1    1    1    1    1  1.05615E+09 0.06387 
   22   22    1    1    1    1    1    1    1    1  6.58461E+09 0.01911 
   23   23    1    1    1    1    1    1    1    1  2.33260E+10 0.01259 
   24   24    1    1    1    1    1    1    1    1  6.98702E+10 0.00955 
   25   25    1    1    1    1    1    1    1    1  1.52472E+11 0.00544 
   26   26    1    1    1    1    1    1    1    1  2.01295E+11 0.00419 
   27   27    1    1    1    1    1    1    1    1  3.61039E+11 0.00373 
   28   28    1    1    1    1    1    1    1    1  5.79910E+11 0.00286 
   29   29    1    1    1    1    1    1    1    1  8.83908E+11 0.00202 
   30   30    1    1    1    1    1    1    1    1  1.21388E+12 0.00203 
   31   31    1    1    1    1    1    1    1    1  2.07249E+12 0.00157 
   32   32    1    1    1    1    1    1    1    1  3.54748E+12 0.00125 
   33   33    1    1    1    1    1    1    1    1  4.73877E+12 0.00087 
   34   34    1    1    1    1    1    1    1    1  8.52417E+12 0.00065 
   35   35    1    1    1    1    1    1    1    1  9.67439E+12 0.00050 
   36   36    1    1    1    1    1    1    1    1  9.19336E+12 0.00046 
   37   37    1    1    1    1    1    1    1    1  5.21200E+12 0.00042 
   38   38    1    1    1    1    1    1    1    1  1.50029E+12 0.00034 
   39   39    1    1    1    1    1    1    1    1  8.59809E+12 0.00029 
   40   40    1    1    1    1    1    1    1    1  1.11957E+13 0.00038 
   41   41    1    1    1    1    1    1    1    1  1.85648E+13 0.00029 
   42   42    1    1    1    1    1    1    1    1  1.74472E+13 0.00029 
   43   43    1    1    1    1    1    1    1    1  3.70251E+13 0.00030 
   44   44    1    1    1    1    1    1    1    1  4.31088E+13 0.00028 
   45   45    1    1    1    1    1    1    1    1  5.96391E+13 0.00026 
   46   46    1    1    1    1    1    1    1    1  1.11807E+14 0.00020 
   47   47    1    1    1    1    1    1    1    1  4.76277E+13 0.00016 
   48   48    1    1    1    1    1    1    1    1  7.43582E+13 0.00016 
   49   49    1    1    1    1    1    1    1    1  9.88084E+13 0.00012 
   50   50    1    1    1    1    1    1    1    1  9.39635E+13 0.00015 
   51   51    1    1    1    1    1    1    1    1  1.41555E+14 0.00010 
   52   52    1    1    1    1    1    1    1    1  1.05416E+14 0.00017 
   53   53    1    1    1    1    1    1    1    1  1.24114E+14 0.00015 
   54   54    1    1    1    1    1    1    1    1  8.24242E+13 0.00013 
   55   55    1    1    1    1    1    1    1    1  1.00416E+14 0.00015 
   56   56    1    1    1    1    1    1    1    1  6.70912E+13 0.00010 
   57   57    1    1    1    1    1    1    1    1  8.96599E+12 0.00036 
   58   58    1    1    1    1    1    1    1    1  1.29611E+14 0.00015 
   59   59    1    1    1    1    1    1    1    1  5.80097E+13 0.00017 
   60   60    1    1    1    1    1    1    1    1  5.97929E+13 0.00019 
   61   61    1    1    1    1    1    1    1    1  4.65252E+13 0.00015 
   62   62    1    1    1    1    1    1    1    1  4.59355E+13 0.00025 
   63   63    1    1    1    1    1    1    1    1  4.73405E+13 0.00023 
   64   64    1    1    1    1    1    1    1    1  3.92241E+13 0.00028 
   65   65    1    1    1    1    1    1    1    1  3.05872E+13 0.00027 
   66   66    1    1    1    1    1    1    1    1  2.98385E+13 0.00033 
   67   67    1    1    1    1    1    1    1    1  2.10557E+13 0.00036 
   68   68    1    1    1    1    1    1    1    1  1.68583E+13 0.00036 
   69   69    1    1    1    1    1    1    1    1  1.49639E+13 0.00038 
   70   70    1    1    1    1    1    1    1    1  1.77343E+13 0.00040 
   71   71    1    1    1    1    1    1    1    1  1.47971E+13 0.00040 
   72   72    1    1    1    1    1    1    1    1  2.57524E+13 0.00034 
   73   73    1    1    1    1    1    1    1    1  1.76909E+13 0.00031 
   74   74    1    1    1    1    1    1    1    1  1.31287E+13 0.00057 
   75   75    1    1    1    1    1    1    1    1  1.05722E+13 0.00051 
   76   76    1    1    1    1    1    1    1    1  8.83005E+12 0.00060 
   77   77    1    1    1    1    1    1    1    1  1.02583E+13 0.00060 
   78   78    1    1    1    1    1    1    1    1  8.14141E+12 0.00054 
   79   79    1    1    1    1    1    1    1    1  6.49190E+12 0.00045 
   80   80    1    1    1    1    1    1    1    1  6.66448E+12 0.00059 
   81   81    1    1    1    1    1    1    1    1  4.88431E+12 0.00066 
   82   82    1    1    1    1    1    1    1    1  3.72243E+12 0.00094 
   83   83    1    1    1    1    1    1    1    1  2.82042E+12 0.00095 
   84   84    1    1    1    1    1    1    1    1  2.59700E+12 0.00101 
   85   85    1    1    1    1    1    1    1    1  1.84350E+12 0.00136 
   86   86    1    1    1    1    1    1    1    1  1.30944E+12 0.00143 
   87   87    1    1    1    1    1    1    1    1  1.20228E+12 0.00092 
   88   88    1    1    1    1    1    1    1    1  7.11239E+11 0.00218 
   89   89    1    1    1    1    1    1    1    1  4.65096E+11 0.00238 
   90   90    1    1    1    1    1    1    1    1  2.57723E+11 0.00299 
   91   91    1    1    1    1    1    1    1    1  2.99428E+11 0.00386 
   92   92    1    1    1    1    1    1    1    1  0.00000E+00 0.00000 
   93   93    1    1    1    1    1    1    1    1  0.00000E+00 0.00000 
   94   94    1    1    1    1    1    1    1    1  0.00000E+00 0.00000 
   95   95    1    1    1    1    1    1    1    1  0.00000E+00 0.00000 
   96   96    1    1    1    1    1    1    1    1  0.00000E+00 0.00000 
   97   97    1    1    1    1    1    1    1    1  0.00000E+00 0.00000 
   98   98    1    1    1    1    1    1    1    1  0.00000E+00 0.00000 
   99   99    1    1    1    1    1    1    1    1  0.00000E+00 0.00000 
  100  100    1    1    1    1    1    1    1    1  0.00000E+00 0.00000 
];


