
DETdpaspec = [
    1    1    1    1    1    1    1    1    1    1  0.00000E+00 0.00000 
    2    2    1    1    1    1    1    1    1    1  0.00000E+00 0.00000 
    3    3    1    1    1    1    1    1    1    1  0.00000E+00 0.00000 
    4    4    1    1    1    1    1    1    1    1  0.00000E+00 0.00000 
    5    5    1    1    1    1    1    1    1    1  0.00000E+00 0.00000 
    6    6    1    1    1    1    1    1    1    1  0.00000E+00 0.00000 
    7    7    1    1    1    1    1    1    1    1  0.00000E+00 0.00000 
    8    8    1    1    1    1    1    1    1    1  0.00000E+00 0.00000 
    9    9    1    1    1    1    1    1    1    1  0.00000E+00 0.00000 
   10   10    1    1    1    1    1    1    1    1  0.00000E+00 0.00000 
   11   11    1    1    1    1    1    1    1    1  0.00000E+00 0.00000 
   12   12    1    1    1    1    1    1    1    1  0.00000E+00 0.00000 
   13   13    1    1    1    1    1    1    1    1  0.00000E+00 0.00000 
   14   14    1    1    1    1    1    1    1    1  0.00000E+00 0.00000 
   15   15    1    1    1    1    1    1    1    1  0.00000E+00 0.00000 
   16   16    1    1    1    1    1    1    1    1  0.00000E+00 0.00000 
   17   17    1    1    1    1    1    1    1    1  0.00000E+00 0.00000 
   18   18    1    1    1    1    1    1    1    1  0.00000E+00 0.00000 
   19   19    1    1    1    1    1    1    1    1  8.91418E+08 0.08201 
   20   20    1    1    1    1    1    1    1    1  1.28567E+08 0.11148 
   21   21    1    1    1    1    1    1    1    1  5.02605E+08 0.06382 
   22   22    1    1    1    1    1    1    1    1  4.25275E+08 0.05219 
   23   23    1    1    1    1    1    1    1    1  8.61528E+08 0.05627 
   24   24    1    1    1    1    1    1    1    1  1.20193E+09 0.04086 
   25   25    1    1    1    1    1    1    1    1  2.08971E+09 0.02843 
   26   26    1    1    1    1    1    1    1    1  2.85263E+09 0.02491 
   27   27    1    1    1    1    1    1    1    1  4.72737E+09 0.02577 
   28   28    1    1    1    1    1    1    1    1  9.23852E+09 0.02239 
   29   29    1    1    1    1    1    1    1    1  2.31263E+10 0.01102 
   30   30    1    1    1    1    1    1    1    1  4.23752E+10 0.00813 
   31   31    1    1    1    1    1    1    1    1  1.24266E+11 0.00568 
   32   32    1    1    1    1    1    1    1    1  4.09286E+11 0.00314 
   33   33    1    1    1    1    1    1    1    1  7.86609E+11 0.00244 
   34   34    1    1    1    1    1    1    1    1  1.95393E+12 0.00185 
   35   35    1    1    1    1    1    1    1    1  2.80855E+12 0.00132 
   36   36    1    1    1    1    1    1    1    1  3.62596E+12 0.00125 
   37   37    1    1    1    1    1    1    1    1  2.44115E+12 0.00095 
   38   38    1    1    1    1    1    1    1    1  7.47920E+11 0.00092 
   39   39    1    1    1    1    1    1    1    1  4.25528E+12 0.00080 
   40   40    1    1    1    1    1    1    1    1  5.80599E+12 0.00073 
   41   41    1    1    1    1    1    1    1    1  1.00630E+13 0.00072 
   42   42    1    1    1    1    1    1    1    1  1.02423E+13 0.00059 
   43   43    1    1    1    1    1    1    1    1  2.22514E+13 0.00042 
   44   44    1    1    1    1    1    1    1    1  2.73183E+13 0.00037 
   45   45    1    1    1    1    1    1    1    1  4.00627E+13 0.00034 
   46   46    1    1    1    1    1    1    1    1  8.09034E+13 0.00027 
   47   47    1    1    1    1    1    1    1    1  3.76631E+13 0.00025 
   48   48    1    1    1    1    1    1    1    1  6.11213E+13 0.00025 
   49   49    1    1    1    1    1    1    1    1  8.55503E+13 0.00024 
   50   50    1    1    1    1    1    1    1    1  8.50403E+13 0.00022 
   51   51    1    1    1    1    1    1    1    1  1.32936E+14 0.00017 
   52   52    1    1    1    1    1    1    1    1  1.05891E+14 0.00021 
   53   53    1    1    1    1    1    1    1    1  1.26490E+14 0.00018 
   54   54    1    1    1    1    1    1    1    1  8.78119E+13 0.00017 
   55   55    1    1    1    1    1    1    1    1  1.07744E+14 0.00019 
   56   56    1    1    1    1    1    1    1    1  7.40110E+13 0.00017 
   57   57    1    1    1    1    1    1    1    1  1.00494E+13 0.00046 
   58   58    1    1    1    1    1    1    1    1  1.47186E+14 0.00013 
   59   59    1    1    1    1    1    1    1    1  6.58139E+13 0.00015 
   60   60    1    1    1    1    1    1    1    1  6.97129E+13 0.00014 
   61   61    1    1    1    1    1    1    1    1  5.42630E+13 0.00023 
   62   62    1    1    1    1    1    1    1    1  5.44012E+13 0.00022 
   63   63    1    1    1    1    1    1    1    1  5.67842E+13 0.00021 
   64   64    1    1    1    1    1    1    1    1  4.77308E+13 0.00029 
   65   65    1    1    1    1    1    1    1    1  3.79369E+13 0.00027 
   66   66    1    1    1    1    1    1    1    1  3.75929E+13 0.00039 
   67   67    1    1    1    1    1    1    1    1  2.69961E+13 0.00028 
   68   68    1    1    1    1    1    1    1    1  2.19728E+13 0.00032 
   69   69    1    1    1    1    1    1    1    1  1.97290E+13 0.00049 
   70   70    1    1    1    1    1    1    1    1  2.36741E+13 0.00049 
   71   71    1    1    1    1    1    1    1    1  2.01479E+13 0.00038 
   72   72    1    1    1    1    1    1    1    1  3.65106E+13 0.00031 
   73   73    1    1    1    1    1    1    1    1  2.57928E+13 0.00049 
   74   74    1    1    1    1    1    1    1    1  1.93975E+13 0.00049 
   75   75    1    1    1    1    1    1    1    1  1.55887E+13 0.00039 
   76   76    1    1    1    1    1    1    1    1  1.29535E+13 0.00051 
   77   77    1    1    1    1    1    1    1    1  1.50246E+13 0.00042 
   78   78    1    1    1    1    1    1    1    1  1.19112E+13 0.00058 
   79   79    1    1    1    1    1    1    1    1  9.51144E+12 0.00050 
   80   80    1    1    1    1    1    1    1    1  9.82561E+12 0.00053 
   81   81    1    1    1    1    1    1    1    1  7.28415E+12 0.00073 
   82   82    1    1    1    1    1    1    1    1  5.61759E+12 0.00072 
   83   83    1    1    1    1    1    1    1    1  4.31404E+12 0.00092 
   84   84    1    1    1    1    1    1    1    1  4.03643E+12 0.00098 
   85   85    1    1    1    1    1    1    1    1  2.91357E+12 0.00105 
   86   86    1    1    1    1    1    1    1    1  2.10036E+12 0.00122 
   87   87    1    1    1    1    1    1    1    1  1.97154E+12 0.00123 
   88   88    1    1    1    1    1    1    1    1  1.21109E+12 0.00150 
   89   89    1    1    1    1    1    1    1    1  8.21699E+11 0.00206 
   90   90    1    1    1    1    1    1    1    1  4.74054E+11 0.00250 
   91   91    1    1    1    1    1    1    1    1  6.01663E+11 0.00310 
   92   92    1    1    1    1    1    1    1    1  0.00000E+00 0.00000 
   93   93    1    1    1    1    1    1    1    1  0.00000E+00 0.00000 
   94   94    1    1    1    1    1    1    1    1  0.00000E+00 0.00000 
   95   95    1    1    1    1    1    1    1    1  0.00000E+00 0.00000 
   96   96    1    1    1    1    1    1    1    1  0.00000E+00 0.00000 
   97   97    1    1    1    1    1    1    1    1  0.00000E+00 0.00000 
   98   98    1    1    1    1    1    1    1    1  0.00000E+00 0.00000 
   99   99    1    1    1    1    1    1    1    1  0.00000E+00 0.00000 
  100  100    1    1    1    1    1    1    1    1  0.00000E+00 0.00000 
];


