z = [
-1.5,
-1.494,
-1.488,
-1.482,
-1.476,
-1.47,
-1.464,
-1.458,
-1.452,
-1.446,
-1.44,
-1.434,
-1.428,
-1.422,
-1.416,
-1.41,
-1.404,
-1.398,
-1.392,
-1.386,
-1.38,
-1.374,
-1.368,
-1.362,
-1.356,
-1.35,
-1.344,
-1.338,
-1.332,
-1.326,
-1.32,
-1.314,
-1.308,
-1.302,
-1.296,
-1.29,
-1.284,
-1.278,
-1.272,
-1.266,
-1.26,
-1.254,
-1.248,
-1.242,
-1.236,
-1.23,
-1.224,
-1.218,
-1.212,
-1.206,
-1.2,
-1.194,
-1.188,
-1.182,
-1.176,
-1.17,
-1.164,
-1.158,
-1.152,
-1.146,
-1.14,
-1.134,
-1.128,
-1.122,
-1.116,
-1.11,
-1.104,
-1.098,
-1.092,
-1.086,
-1.08,
-1.074,
-1.068,
-1.062,
-1.056,
-1.05,
-1.044,
-1.038,
-1.032,
-1.026,
-1.02,
-1.014,
-1.008,
-1.002,
-0.996,
-0.99,
-0.984,
-0.978,
-0.972,
-0.966,
-0.96,
-0.954,
-0.948,
-0.942,
-0.936,
-0.93,
-0.924,
-0.918,
-0.912,
-0.906,
-0.9,
-0.894,
-0.888,
-0.882,
-0.876,
-0.87,
-0.864,
-0.858,
-0.852,
-0.846,
-0.84,
-0.834,
-0.828,
-0.822,
-0.816,
-0.81,
-0.804,
-0.798,
-0.792,
-0.786,
-0.78,
-0.774,
-0.768,
-0.762,
-0.756,
-0.75,
-0.744,
-0.738,
-0.732,
-0.726,
-0.72,
-0.714,
-0.708,
-0.702,
-0.696,
-0.69,
-0.684,
-0.678,
-0.672,
-0.666,
-0.66,
-0.654,
-0.648,
-0.642,
-0.636,
-0.63,
-0.624,
-0.618,
-0.612,
-0.606,
-0.6,
-0.594,
-0.588,
-0.582,
-0.576,
-0.57,
-0.564,
-0.558,
-0.552,
-0.546,
-0.54,
-0.534,
-0.528,
-0.522,
-0.516,
-0.51,
-0.504,
-0.498,
-0.492,
-0.486,
-0.48,
-0.474,
-0.468,
-0.462,
-0.456,
-0.45,
-0.444,
-0.438,
-0.432,
-0.426,
-0.42,
-0.414,
-0.408,
-0.402,
-0.396,
-0.39,
-0.384,
-0.378,
-0.372,
-0.366,
-0.36,
-0.354,
-0.348,
-0.342,
-0.336,
-0.33,
-0.324,
-0.318,
-0.312,
-0.306,
-0.3,
-0.294,
-0.288,
-0.282,
-0.276,
-0.27,
-0.264,
-0.258,
-0.252,
-0.246,
-0.24,
-0.234,
-0.228,
-0.222,
-0.216,
-0.21,
-0.204,
-0.198,
-0.192,
-0.186,
-0.18,
-0.174,
-0.168,
-0.162,
-0.156,
-0.15,
-0.144,
-0.138,
-0.132,
-0.126,
-0.12,
-0.114,
-0.108,
-0.102,
-0.096,
-0.09,
-0.084,
-0.078,
-0.072,
-0.066,
-0.06,
-0.054,
-0.048,
-0.042,
-0.036,
-0.03,
-0.024,
-0.018,
-0.012,
-0.006,
0.0,
0.006,
0.012,
0.018,
0.024,
0.03,
0.036,
0.042,
0.048,
0.054,
0.06,
0.066,
0.072,
0.078,
0.084,
0.09,
0.096,
0.102,
0.108,
0.114,
0.12,
0.126,
0.132,
0.138,
0.144,
0.15,
0.156,
0.162,
0.168,
0.174,
0.18,
0.186,
0.192,
0.198,
0.204,
0.21,
0.216,
0.222,
0.228,
0.234,
0.24,
0.246,
0.252,
0.258,
0.264,
0.27,
0.276,
0.282,
0.288,
0.294,
0.3,
0.306,
0.312,
0.318,
0.324,
0.33,
0.336,
0.342,
0.348,
0.354,
0.36,
0.366,
0.372,
0.378,
0.384,
0.39,
0.396,
0.402,
0.408,
0.414,
0.42,
0.426,
0.432,
0.438,
0.444,
0.45,
0.456,
0.462,
0.468,
0.474,
0.48,
0.486,
0.492,
0.498,
0.504,
0.51,
0.516,
0.522,
0.528,
0.534,
0.54,
0.546,
0.552,
0.558,
0.564,
0.57,
0.576,
0.582,
0.588,
0.594,
0.6,
0.606,
0.612,
0.618,
0.624,
0.63,
0.636,
0.642,
0.648,
0.654,
0.66,
0.666,
0.672,
0.678,
0.684,
0.69,
0.696,
0.702,
0.708,
0.714,
0.72,
0.726,
0.732,
0.738,
0.744,
0.75,
0.756,
0.762,
0.768,
0.774,
0.78,
0.786,
0.792,
0.798,
0.804,
0.81,
0.816,
0.822,
0.828,
0.834,
0.84,
0.846,
0.852,
0.858,
0.864,
0.87,
0.876,
0.882,
0.888,
0.894,
0.9,
0.906,
0.912,
0.918,
0.924,
0.93,
0.936,
0.942,
0.948,
0.954,
0.96,
0.966,
0.972,
0.978,
0.984,
0.99,
0.996,
1.002,
1.008,
1.014,
1.02,
1.026,
1.032,
1.038,
1.044,
1.05,
1.056,
1.062,
1.068,
1.074,
1.08,
1.086,
1.092,
1.098,
1.104,
1.11,
1.116,
1.122,
1.128,
1.134,
1.14,
1.146,
1.152,
1.158,
1.164,
1.17,
1.176,
1.182,
1.188,
1.194,
1.2,
1.206,
1.212,
1.218,
1.224,
1.23,
1.236,
1.242,
1.248,
1.254,
1.26,
1.266,
1.272,
1.278,
1.284,
1.29,
1.296,
1.302,
1.308,
1.314,
1.32,
1.326,
1.332,
1.338,
1.344,
1.35,
1.356,
1.362,
1.368,
1.374,
1.38,
1.386,
1.392,
1.398,
1.404,
1.41,
1.416,
1.422,
1.428,
1.434,
1.44,
1.446,
1.452,
1.458,
1.464,
1.47,
1.476,
1.482,
1.488,
1.494,
1.5,];
cit = [
358.3979390681243,
358.70636415558613,
359.02614458045366,
359.3493410805569,
359.67594360921805,
360.005940948599,
360.33932176175813,
360.6760745928839,
361.01618786767983,
361.3596498937536,
361.70644886100706,
362.0565728420328,
362.41000979251044,
362.7667475516082,
363.1267738423869,
363.4900762722066,
363.85664233313605,
364.2264594023668,
364.5995147426278,
364.97579550260525,
365.3552887173637,
365.7379813087708,
366.123860085925,
366.51291174558594,
366.9051228726073,
367.3004799403733,
367.69896931123753,
368.1005772369641,
368.5052898591731,
368.9130932097863,
369.3239732114788,
369.7379156781303,
370.1549063152812,
370.5749307205904,
370.99797438429607,
371.4240226896792,
371.8530609135296,
372.2850742266147,
372.72004769415025,
373.15796627627526,
373.5988148285279,
374.04257810232446,
374.48924074544175,
374.9387873025008,
375.39120221545386,
375.84646982407355,
376.3045743664452,
376.7654999794606,
377.22923069931596,
377.6957504620102,
378.16504310384755,
378.63709236194165,
379.11188187472294,
379.58939518244745,
380.0696157277091,
380.5525268559535,
381.0381118159951,
381.5263537605367,
382.0172357466897,
382.51074073650034,
383.0068515974741,
383.5055511031063,
384.00682193341197,
384.51064667546086,
385.0170078239131,
385.52588778155814,
386.0372688598552,
386.55113327947697,
387.06746317085594,
387.5862405747321,
388.1074474427031,
388.6310656377792,
389.15707693493664,
389.68546302167636,
390.2162054985847,
390.7492858798954,
391.2846855940546,
391.82238598428967,
392.362368309177,
392.90461374321603,
393.4491033774033,
393.99581821980917,
394.5447391961583,
395.0958471504108,
395.6491228453473,
396.2045469631548,
396.762100106017,
397.321762796705,
397.88351547917205,
398.44733851914987,
399.01321220474733,
399.5811167470523,
400.15103228073554,
400.72293886465627,
401.2968164824721,
401.87264504324935,
402.4504043820773,
403.03007426068393,
403.6116343680552,
404.1950643210556,
404.78034366505256,
405.36745187454153,
405.9563683537758,
406.5470724373971,
407.1395433910691,
407.7337604121143,
408.3297026301518,
408.92734910774027,
409.5266788410195,
410.1276707603589,
410.7303037310053,
411.3345565537347,
411.94040796550655,
412.5478366401203,
413.1568211888746,
413.7673401612293,
414.37937204546984,
414.99289526937423,
415.6078882008827,
416.2243291487706,
416.8421963633223,
417.46146803700947,
418.0821223051712,
418.704137246697,
419.3274908847112,
419.9521611872631,
420.5781260680159,
421.20536338694126,
421.8338509510155,
422.46356651491794,
423.0944877817328,
423.7265924036535,
424.3598579826895,
424.99426207137617,
425.6297821734869,
426.2663957447487,
426.90408019355925,
427.5428128817085,
428.1825711251013,
428.8233321944833,
429.46507331617033,
430.1077716727797,
430.7514044039642,
431.39594860714953,
432.04138133827416,
432.6876796125314,
433.334820405115,
433.98278065196746,
434.63153725053087,
435.2810670605003,
435.9313469045795,
436.5823535692423,
437.23406380549204,
437.88645432962755,
438.5395018240109,
439.19318293783647,
439.8474742879058,
440.50235245940155,
441.15779400666725,
441.8137754539882,
442.4702732963758,
443.12726400035444,
443.78472400475084,
444.4426297214867,
445.1009575363745,
445.75968380991367,
446.41878487809333,
447.078237053194,
447.7380166245954,
448.39809985958334,
449.0584630041632,
449.7190822838727,
450.3799339046004,
451.0409940534041,
451.70223889933413,
452.3636445942577,
453.02518727368783,
453.6868430576126,
454.3485880513284,
455.0103983462768,
455.6722500208816,
456.3341191413904,
456.9959817627181,
457.65781392929307,
458.3195916759063,
458.98129102856205,
459.642888005332,
460.3043586172121,
460.96567886898094,
461.6268247600615,
462.287772285385,
462.94849743625707,
463.60897620122716,
464.2691845669592,
464.92909851910554,
465.5886940431834,
466.24794712545213,
466.9068337537957,
467.5653299186041,
468.2234116136601,
468.881054837026,
469.53823559193427,
470.1949298876789,
470.85111374051064,
471.5067631745329,
472.1618542226008,
472.8163629272218,
473.4702653414589,
474.1235375298346,
474.7761555692397,
475.42809554984046,
476.0793335759905,
476.7298457671436,
477.37960825876905,
478.0285972032668,
478.6767887708878,
479.32415915065303,
479.97068455127624,
480.6163412020878,
481.2611053539597,
481.9049532802336,
482.54786127764896,
483.1898056672736,
483.83076279543593,
