z = [
-1.5,
-1.494,
-1.488,
-1.482,
-1.476,
-1.47,
-1.464,
-1.458,
-1.452,
-1.446,
-1.44,
-1.434,
-1.428,
-1.422,
-1.416,
-1.41,
-1.404,
-1.398,
-1.392,
-1.386,
-1.38,
-1.374,
-1.368,
-1.362,
-1.356,
-1.35,
-1.344,
-1.338,
-1.332,
-1.326,
-1.32,
-1.314,
-1.308,
-1.302,
-1.296,
-1.29,
-1.284,
-1.278,
-1.272,
-1.266,
-1.26,
-1.254,
-1.248,
-1.242,
-1.236,
-1.23,
-1.224,
-1.218,
-1.212,
-1.206,
-1.2,
-1.194,
-1.188,
-1.182,
-1.176,
-1.17,
-1.164,
-1.158,
-1.152,
-1.146,
-1.14,
-1.134,
-1.128,
-1.122,
-1.116,
-1.11,
-1.104,
-1.098,
-1.092,
-1.086,
-1.08,
-1.074,
-1.068,
-1.062,
-1.056,
-1.05,
-1.044,
-1.038,
-1.032,
-1.026,
-1.02,
-1.014,
-1.008,
-1.002,
-0.996,
-0.99,
-0.984,
-0.978,
-0.972,
-0.966,
-0.96,
-0.954,
-0.948,
-0.942,
-0.936,
-0.93,
-0.924,
-0.918,
-0.912,
-0.906,
-0.9,
-0.894,
-0.888,
-0.882,
-0.876,
-0.87,
-0.864,
-0.858,
-0.852,
-0.846,
-0.84,
-0.834,
-0.828,
-0.822,
-0.816,
-0.81,
-0.804,
-0.798,
-0.792,
-0.786,
-0.78,
-0.774,
-0.768,
-0.762,
-0.756,
-0.75,
-0.744,
-0.738,
-0.732,
-0.726,
-0.72,
-0.714,
-0.708,
-0.702,
-0.696,
-0.69,
-0.684,
-0.678,
-0.672,
-0.666,
-0.66,
-0.654,
-0.648,
-0.642,
-0.636,
-0.63,
-0.624,
-0.618,
-0.612,
-0.606,
-0.6,
-0.594,
-0.588,
-0.582,
-0.576,
-0.57,
-0.564,
-0.558,
-0.552,
-0.546,
-0.54,
-0.534,
-0.528,
-0.522,
-0.516,
-0.51,
-0.504,
-0.498,
-0.492,
-0.486,
-0.48,
-0.474,
-0.468,
-0.462,
-0.456,
-0.45,
-0.444,
-0.438,
-0.432,
-0.426,
-0.42,
-0.414,
-0.408,
-0.402,
-0.396,
-0.39,
-0.384,
-0.378,
-0.372,
-0.366,
-0.36,
-0.354,
-0.348,
-0.342,
-0.336,
-0.33,
-0.324,
-0.318,
-0.312,
-0.306,
-0.3,
-0.294,
-0.288,
-0.282,
-0.276,
-0.27,
-0.264,
-0.258,
-0.252,
-0.246,
-0.24,
-0.234,
-0.228,
-0.222,
-0.216,
-0.21,
-0.204,
-0.198,
-0.192,
-0.186,
-0.18,
-0.174,
-0.168,
-0.162,
-0.156,
-0.15,
-0.144,
-0.138,
-0.132,
-0.126,
-0.12,
-0.114,
-0.108,
-0.102,
-0.096,
-0.09,
-0.084,
-0.078,
-0.072,
-0.066,
-0.06,
-0.054,
-0.048,
-0.042,
-0.036,
-0.03,
-0.024,
-0.018,
-0.012,
-0.006,
0.0,
0.006,
0.012,
0.018,
0.024,
0.03,
0.036,
0.042,
0.048,
0.054,
0.06,
0.066,
0.072,
0.078,
0.084,
0.09,
0.096,
0.102,
0.108,
0.114,
0.12,
0.126,
0.132,
0.138,
0.144,
0.15,
0.156,
0.162,
0.168,
0.174,
0.18,
0.186,
0.192,
0.198,
0.204,
0.21,
0.216,
0.222,
0.228,
0.234,
0.24,
0.246,
0.252,
0.258,
0.264,
0.27,
0.276,
0.282,
0.288,
0.294,
0.3,
0.306,
0.312,
0.318,
0.324,
0.33,
0.336,
0.342,
0.348,
0.354,
0.36,
0.366,
0.372,
0.378,
0.384,
0.39,
0.396,
0.402,
0.408,
0.414,
0.42,
0.426,
0.432,
0.438,
0.444,
0.45,
0.456,
0.462,
0.468,
0.474,
0.48,
0.486,
0.492,
0.498,
0.504,
0.51,
0.516,
0.522,
0.528,
0.534,
0.54,
0.546,
0.552,
0.558,
0.564,
0.57,
0.576,
0.582,
0.588,
0.594,
0.6,
0.606,
0.612,
0.618,
0.624,
0.63,
0.636,
0.642,
0.648,
0.654,
0.66,
0.666,
0.672,
0.678,
0.684,
0.69,
0.696,
0.702,
0.708,
0.714,
0.72,
0.726,
0.732,
0.738,
0.744,
0.75,
0.756,
0.762,
0.768,
0.774,
0.78,
0.786,
0.792,
0.798,
0.804,
0.81,
0.816,
0.822,
0.828,
0.834,
0.84,
0.846,
0.852,
0.858,
0.864,
0.87,
0.876,
0.882,
0.888,
0.894,
0.9,
0.906,
0.912,
0.918,
0.924,
0.93,
0.936,
0.942,
0.948,
0.954,
0.96,
0.966,
0.972,
0.978,
0.984,
0.99,
0.996,
1.002,
1.008,
1.014,
1.02,
1.026,
1.032,
1.038,
1.044,
1.05,
1.056,
1.062,
1.068,
1.074,
1.08,
1.086,
1.092,
1.098,
1.104,
1.11,
1.116,
1.122,
1.128,
1.134,
1.14,
1.146,
1.152,
1.158,
1.164,
1.17,
1.176,
1.182,
1.188,
1.194,
1.2,
1.206,
1.212,
1.218,
1.224,
1.23,
1.236,
1.242,
1.248,
1.254,
1.26,
1.266,
1.272,
1.278,
1.284,
1.29,
1.296,
1.302,
1.308,
1.314,
1.32,
1.326,
1.332,
1.338,
1.344,
1.35,
1.356,
1.362,
1.368,
1.374,
1.38,
1.386,
1.392,
1.398,
1.404,
1.41,
1.416,
1.422,
1.428,
1.434,
1.44,
1.446,
1.452,
1.458,
1.464,
1.47,
1.476,
1.482,
1.488,
1.494,
1.5,];
cot = [
356.16830988888705,
356.307864607757,
356.45094290032387,
356.5975402671652,
356.74765208177985,
356.90127359067947,
357.0583999134825,
357.21902604301454,
357.3831468454123,
357.5507570602334,
357.7218513005687,
357.89642405316215,
358.07446967853275,
358.25598241110265,
358.4409563593298,
358.62938550584454,
358.82126370759147,
359.01658469597623,
359.2153420770161,
359.4175293314962,
359.6231398151301,
359.8321667587244,
360.0446032683491,
360.26044232551214,
360.4796767873387,
360.7022993867547,
360.92830273267623,
361.15767931020207,
361.3904214808124,
361.626521482571,
361.8659714303333,
362.10876331595784,
362.3548890085236,
362.6043402545512,
362.857108678229,
363.11318578164446,
363.37256294501924,
363.6352314269499,
363.9011823646522,
364.1704067742114,
364.44289555083617,
364.71863946911765,
364.99762918329316,
365.27985522751464,
365.5653080161213,
365.85397784391785,
366.14585488645616,
366.44092920032256,
366.73919072342994,
367.04062927531334,
367.34523455743135,
367.65299615347146,
367.9639035296607,
368.2779460350798,
368.5951129019837,
368.91539324612484,
369.2387760670822,
369.56525024859525,
369.89480455890043,
370.2274276510759,
370.56310806338695,
370.9018342196389,
371.24359442953244,
371.588376889026,
371.9361696806999,
372.2869607741279,
372.6407380262506,
372.9974891817552,
373.35720187345976,
373.7198636227009,
374.0854618397268,
374.4539838240951,
374.82541676507435,
375.1997477420505,
375.57696372493797,
375.9570515745954,
376.3399980432447,
376.72578977489684,
377.1144133057793,
377.50585506477046,
377.90010137383706,
378.2971384484762,
378.69695239816247,
379.0995292267987,
379.504854833172,
379.9129150114129,
380.3236954514605,
380.73718173953057,
381.1533593585888,
381.5722136888287,
381.9937300081524,
382.417893492658,
382.84468921712903,
383.2741021555297,
383.70611718150406,
384.1407190688791,
384.5778924921725,
385.0176220271046,
385.4598921511149,
385.90468724388165,
386.3519915878476,
386.8017893687478,
387.25406467614357,
387.7088015039594,
388.1659837510241,
388.62559522161723,
389.0876196260176,
389.55204058105903,
390.0188416106861,
390.4880061465184,
390.9595175284152,
391.43335900504667,
391.90951373446774,
392.3879647846969,
392.8686951342984,
393.3516876729684,
393.8369252021263,
394.3243904355081,
394.8140659997655,
395.30593443506825,
395.7999781957101,
396.29617965071907,
396.79452108447174,
397.2949846973114,
397.797552606169,
398.3022068451901,
398.80892936636326,
399.31770204015413,
399.8285066561424,
400.34132492366246,
400.85613847244827,
401.3729288532817,
401.89167753864456,
402.41236592337464,
402.9349753253248,
403.45948698602683,
403.9858820713572,
404.51414167220844,
405.04424680516263,
405.57617841316903,
406.1099173662253,
406.6454444620622,
407.18274042683186,
407.72178591579893,
408.26256151403663,
408.8050477371248,
409.3492250318518,
409.8950737769203,
410.4425742836562,
410.99170679672045,
411.5424514948245,
412.0947884914501,
412.64869783557015,
413.2041595123749,
413.76115344400057,
414.3196594902606,
414.8796574493822,
415.4411270587426,
416.00404799561215,
416.5683998778977,
417.1341622648912,
417.70131465801967,
418.2698365015991,
418.8397071835915,
419.41090603636474,
419.9834123374545,
420.557205310331,
421.132264125167,
421.70856789960965,
422.2860956995545,
422.864826539923,
423.4447393854423,
424.02581315142857,
424.6080267045719,
425.191358863725,
425.77578840069407,
426.3612940410329,
426.94785446483843,
427.53544830755004,
428.1240541607516,
428.71365057297464,
429.3042160505056,
429.8957290581948,
430.4881680202676,
431.0815113211395,
431.6757373062312,
432.27082428278834,
432.86675052070234,
433.46349425333403,
434.0610336783391,
434.65934695849637,
435.2584122225379,
435.85820756598173,
436.4587110519658,
437.0599007120853,
437.66175454723145,
438.2642505284314,
438.8673665976927,
439.47108066884675,
440.0753706283966,
440.6802143363652,
441.28558962714635,
441.891474310357,
442.4978461716918,
443.10468297377906,
443.711962457039,
444.319662340543,
444.9277603228752,
445.53623408299495,
446.14506128110236,
446.75421955950344,
447.36368654347837,
447.97343984215036,
448.5834570493573,
449.19371574452225,
449.8041934935285,
450.4148678495934,
451.0257163541453,
451.6367165377005,
452.2478459207423,
452.85908201460086,
453.4704023223344,
454.0817843396113,
454.69320555559364,
