z = [
-1.5,
-1.494,
-1.488,
-1.482,
-1.476,
-1.47,
-1.464,
-1.458,
-1.452,
-1.446,
-1.44,
-1.434,
-1.428,
-1.422,
-1.416,
-1.41,
-1.404,
-1.398,
-1.392,
-1.386,
-1.38,
-1.374,
-1.368,
-1.362,
-1.356,
-1.35,
-1.344,
-1.338,
-1.332,
-1.326,
-1.32,
-1.314,
-1.308,
-1.302,
-1.296,
-1.29,
-1.284,
-1.278,
-1.272,
-1.266,
-1.26,
-1.254,
-1.248,
-1.242,
-1.236,
-1.23,
-1.224,
-1.218,
-1.212,
-1.206,
-1.2,
-1.194,
-1.188,
-1.182,
-1.176,
-1.17,
-1.164,
-1.158,
-1.152,
-1.146,
-1.14,
-1.134,
-1.128,
-1.122,
-1.116,
-1.11,
-1.104,
-1.098,
-1.092,
-1.086,
-1.08,
-1.074,
-1.068,
-1.062,
-1.056,
-1.05,
-1.044,
-1.038,
-1.032,
-1.026,
-1.02,
-1.014,
-1.008,
-1.002,
-0.996,
-0.99,
-0.984,
-0.978,
-0.972,
-0.966,
-0.96,
-0.954,
-0.948,
-0.942,
-0.936,
-0.93,
-0.924,
-0.918,
-0.912,
-0.906,
-0.9,
-0.894,
-0.888,
-0.882,
-0.876,
-0.87,
-0.864,
-0.858,
-0.852,
-0.846,
-0.84,
-0.834,
-0.828,
-0.822,
-0.816,
-0.81,
-0.804,
-0.798,
-0.792,
-0.786,
-0.78,
-0.774,
-0.768,
-0.762,
-0.756,
-0.75,
-0.744,
-0.738,
-0.732,
-0.726,
-0.72,
-0.714,
-0.708,
-0.702,
-0.696,
-0.69,
-0.684,
-0.678,
-0.672,
-0.666,
-0.66,
-0.654,
-0.648,
-0.642,
-0.636,
-0.63,
-0.624,
-0.618,
-0.612,
-0.606,
-0.6,
-0.594,
-0.588,
-0.582,
-0.576,
-0.57,
-0.564,
-0.558,
-0.552,
-0.546,
-0.54,
-0.534,
-0.528,
-0.522,
-0.516,
-0.51,
-0.504,
-0.498,
-0.492,
-0.486,
-0.48,
-0.474,
-0.468,
-0.462,
-0.456,
-0.45,
-0.444,
-0.438,
-0.432,
-0.426,
-0.42,
-0.414,
-0.408,
-0.402,
-0.396,
-0.39,
-0.384,
-0.378,
-0.372,
-0.366,
-0.36,
-0.354,
-0.348,
-0.342,
-0.336,
-0.33,
-0.324,
-0.318,
-0.312,
-0.306,
-0.3,
-0.294,
-0.288,
-0.282,
-0.276,
-0.27,
-0.264,
-0.258,
-0.252,
-0.246,
-0.24,
-0.234,
-0.228,
-0.222,
-0.216,
-0.21,
-0.204,
-0.198,
-0.192,
-0.186,
-0.18,
-0.174,
-0.168,
-0.162,
-0.156,
-0.15,
-0.144,
-0.138,
-0.132,
-0.126,
-0.12,
-0.114,
-0.108,
-0.102,
-0.096,
-0.09,
-0.084,
-0.078,
-0.072,
-0.066,
-0.06,
-0.054,
-0.048,
-0.042,
-0.036,
-0.03,
-0.024,
-0.018,
-0.012,
-0.006,
0.0,
0.006,
0.012,
0.018,
0.024,
0.03,
0.036,
0.042,
0.048,
0.054,
0.06,
0.066,
0.072,
0.078,
0.084,
0.09,
0.096,
0.102,
0.108,
0.114,
0.12,
0.126,
0.132,
0.138,
0.144,
0.15,
0.156,
0.162,
0.168,
0.174,
0.18,
0.186,
0.192,
0.198,
0.204,
0.21,
0.216,
0.222,
0.228,
0.234,
0.24,
0.246,
0.252,
0.258,
0.264,
0.27,
0.276,
0.282,
0.288,
0.294,
0.3,
0.306,
0.312,
0.318,
0.324,
0.33,
0.336,
0.342,
0.348,
0.354,
0.36,
0.366,
0.372,
0.378,
0.384,
0.39,
0.396,
0.402,
0.408,
0.414,
0.42,
0.426,
0.432,
0.438,
0.444,
0.45,
0.456,
0.462,
0.468,
0.474,
0.48,
0.486,
0.492,
0.498,
0.504,
0.51,
0.516,
0.522,
0.528,
0.534,
0.54,
0.546,
0.552,
0.558,
0.564,
0.57,
0.576,
0.582,
0.588,
0.594,
0.6,
0.606,
0.612,
0.618,
0.624,
0.63,
0.636,
0.642,
0.648,
0.654,
0.66,
0.666,
0.672,
0.678,
0.684,
0.69,
0.696,
0.702,
0.708,
0.714,
0.72,
0.726,
0.732,
0.738,
0.744,
0.75,
0.756,
0.762,
0.768,
0.774,
0.78,
0.786,
0.792,
0.798,
0.804,
0.81,
0.816,
0.822,
0.828,
0.834,
0.84,
0.846,
0.852,
0.858,
0.864,
0.87,
0.876,
0.882,
0.888,
0.894,
0.9,
0.906,
0.912,
0.918,
0.924,
0.93,
0.936,
0.942,
0.948,
0.954,
0.96,
0.966,
0.972,
0.978,
0.984,
0.99,
0.996,
1.002,
1.008,
1.014,
1.02,
1.026,
1.032,
1.038,
1.044,
1.05,
1.056,
1.062,
1.068,
1.074,
1.08,
1.086,
1.092,
1.098,
1.104,
1.11,
1.116,
1.122,
1.128,
1.134,
1.14,
1.146,
1.152,
1.158,
1.164,
1.17,
1.176,
1.182,
1.188,
1.194,
1.2,
1.206,
1.212,
1.218,
1.224,
1.23,
1.236,
1.242,
1.248,
1.254,
1.26,
1.266,
1.272,
1.278,
1.284,
1.29,
1.296,
1.302,
1.308,
1.314,
1.32,
1.326,
1.332,
1.338,
1.344,
1.35,
1.356,
1.362,
1.368,
1.374,
1.38,
1.386,
1.392,
1.398,
1.404,
1.41,
1.416,
1.422,
1.428,
1.434,
1.44,
1.446,
1.452,
1.458,
1.464,
1.47,
1.476,
1.482,
1.488,
1.494,
1.5,];
cz = [
355.0,
355.0465157790459,
355.09659178961806,
355.1502262390843,
355.2074172074259,
355.2681626473077,
355.3324603841503,
355.4003081162085,
355.4717034146536,
355.5466437236603,
355.62512636049803,
355.7071485156274,
355.79270725280037,
355.8817995091656,
355.9744220953779,
356.0705716957127,
356.17024486818445,
356.27343804467,
356.3801475310361,
356.490369507272,
356.60410002762626,
356.72133502074723,
356.84207028982973,
356.96630151276486,
357.0940242422947,
357.2252339061714,
357.3599258073215,
357.49809512401293,
357.6397369100289,
357.78484609484406,
357.93341748380647,
358.0854457583233,
358.2409254760514,
358.3998510710919,
358.56221685418996,
358.7280170129377,
358.89724561198284,
359.0698965932412,
359.24596377611306,
359.425440857705,
359.6083214130549,
359.7945988953627,
359.9842666362241,
360.17731784586965,
360.3737456134078,
360.5735429070719,
360.77670257447267,
360.9832173428533,
361.1930798193507,
361.4062824912595,
361.6228177263015,
361.84267777289836,
362.0658547604496,
362.292340699614,
362.5221274825957,
362.75520688343454,
362.9915705583005,
363.2312100457924,
363.4741167672404,
363.72028202701404,
363.9696970128324,
364.2223527960807,
364.47824033212873,
364.73735046065576,
364.9996739059775,
365.2652012773791,
365.53392306945045,
365.80582966242696,
366.0809113225339,
366.35915820233447,
366.64056034108285,
366.92510766508053,
367.2127899880369,
367.50359701143384,
367.79751832489455,
368.09454340655634,
368.3946616234466,
368.69786223186463,
369.004134377765,
369.31346709714705,
369.62584931644676,
369.9412698529336,
370.25971741511046,
370.58118060311824,
370.9056479091437,
371.23310771783133,
371.5635483066998,
371.89695784656067,
372.23332440194235,
372.57263593151765,
372.91488028853405,
373.26004522124936,
373.60811837336996,
373.95908728449274,
374.31293939055195,
374.6696620242684,
375.0292424156031,
375.39166769221436,
375.75692487991876,
376.1250009031552,
376.4958825854536,
376.86955664990603,
377.2460097196423,
377.6252283183087,
378.0071988705505,
378.391907702498,
378.7793410422556,
379.16948502039577,
379.56232567045413,
379.95784892943095,
380.3560406382933,
380.7568865424828,
381.16037229242534,
381.5664834440453,
381.97520545928205,
382.3865237066108,
382.8004234615662,
383.21688990726955,
383.635908134959,
384.0574631445237,
384.4815398450402,
384.9081230553131,
385.33719750441855,
385.7687478322506,
386.2027585900711,
386.6392142410631,
387.0780991608866,
387.5193976382383,
387.9630938754136,
388.40917198887246,
388.85761600980777,
389.3084098847173,
389.7615374759781,
390.2169825624243,
390.67472883992764,
391.13475992198175,
391.59705934028784,
392.0616105453448,
392.52839690704184,
392.9974017152532,
393.4686081804367,
393.94199943423473,
394.4175585300784,
394.8952684437934,
395.3751120742104,
395.85707224377654,
396.3411316991708,
396.82727311192116,
397.3154790790255,
397.8057321235742,
398.29801469537574,
398.79230917158543,
399.2885978573356,
399.78686298636967,
400.28708672167784,
400.7892511561355,
401.2933383131448,
401.7993301472774,
402.3072085449213,
402.8169553249285,
403.3285522392664,
403.84198097367096,
404.35722314830207,
404.8742603184015,
405.39307397495395,
405.91364554534846,
406.43595639404396,
406.9599878232366,
407.48572107352845,
408.0131373245997,
408.54221769588185,
409.07294324723387,
409.60529497962045,
410.13925383579146,
410.67480070096497,
411.2119164035108,
411.7505817156375,
412.2907773540802,
412.8324839807908,
413.37568220363096,
413.9203525770656,
414.4664756028591,
415.0140317307738,
415.56300135926915,
416.11336483620414,
416.6651024595402,
417.21819447804694,
417.77262109200865,
418.328362453934,
418.88539866926567,
419.4437097970929,
420.0032758508653,
420.56407679910853,
421.126092566141,
421.68930303279296,
422.2536880371265,
422.81922737515697,
423.38590080157724,
423.9536880304812,
424.5225687360911,
425.0925225534844,
425.663529079323,
426.23556787258383,
426.80861845529057,
427.3826603132462,
427.9576728967684,
428.5336356214241,
429.1105278687671,
429.6883289870759,
430.267018292093,
430.84657506776546,
431.42697856698624,
432.00820801233715,
432.5902425968329,
433.17306148466525,
433.7566438119495,
434.340968687471,
434.9260151934334,
435.5117623862071,
436.0981892970792,
436.68527493300417,
437.2729982773551,
437.8613382906764,
438.45027391143685,
