z = [
-1.5,
-1.494,
-1.488,
-1.482,
-1.476,
-1.47,
-1.464,
-1.458,
-1.452,
-1.446,
-1.44,
-1.434,
-1.428,
-1.422,
-1.416,
-1.41,
-1.404,
-1.398,
-1.392,
-1.386,
-1.38,
-1.374,
-1.368,
-1.362,
-1.356,
-1.35,
-1.344,
-1.338,
-1.332,
-1.326,
-1.32,
-1.314,
-1.308,
-1.302,
-1.296,
-1.29,
-1.284,
-1.278,
-1.272,
-1.266,
-1.26,
-1.254,
-1.248,
-1.242,
-1.236,
-1.23,
-1.224,
-1.218,
-1.212,
-1.206,
-1.2,
-1.194,
-1.188,
-1.182,
-1.176,
-1.17,
-1.164,
-1.158,
-1.152,
-1.146,
-1.14,
-1.134,
-1.128,
-1.122,
-1.116,
-1.11,
-1.104,
-1.098,
-1.092,
-1.086,
-1.08,
-1.074,
-1.068,
-1.062,
-1.056,
-1.05,
-1.044,
-1.038,
-1.032,
-1.026,
-1.02,
-1.014,
-1.008,
-1.002,
-0.996,
-0.99,
-0.984,
-0.978,
-0.972,
-0.966,
-0.96,
-0.954,
-0.948,
-0.942,
-0.936,
-0.93,
-0.924,
-0.918,
-0.912,
-0.906,
-0.9,
-0.894,
-0.888,
-0.882,
-0.876,
-0.87,
-0.864,
-0.858,
-0.852,
-0.846,
-0.84,
-0.834,
-0.828,
-0.822,
-0.816,
-0.81,
-0.804,
-0.798,
-0.792,
-0.786,
-0.78,
-0.774,
-0.768,
-0.762,
-0.756,
-0.75,
-0.744,
-0.738,
-0.732,
-0.726,
-0.72,
-0.714,
-0.708,
-0.702,
-0.696,
-0.69,
-0.684,
-0.678,
-0.672,
-0.666,
-0.66,
-0.654,
-0.648,
-0.642,
-0.636,
-0.63,
-0.624,
-0.618,
-0.612,
-0.606,
-0.6,
-0.594,
-0.588,
-0.582,
-0.576,
-0.57,
-0.564,
-0.558,
-0.552,
-0.546,
-0.54,
-0.534,
-0.528,
-0.522,
-0.516,
-0.51,
-0.504,
-0.498,
-0.492,
-0.486,
-0.48,
-0.474,
-0.468,
-0.462,
-0.456,
-0.45,
-0.444,
-0.438,
-0.432,
-0.426,
-0.42,
-0.414,
-0.408,
-0.402,
-0.396,
-0.39,
-0.384,
-0.378,
-0.372,
-0.366,
-0.36,
-0.354,
-0.348,
-0.342,
-0.336,
-0.33,
-0.324,
-0.318,
-0.312,
-0.306,
-0.3,
-0.294,
-0.288,
-0.282,
-0.276,
-0.27,
-0.264,
-0.258,
-0.252,
-0.246,
-0.24,
-0.234,
-0.228,
-0.222,
-0.216,
-0.21,
-0.204,
-0.198,
-0.192,
-0.186,
-0.18,
-0.174,
-0.168,
-0.162,
-0.156,
-0.15,
-0.144,
-0.138,
-0.132,
-0.126,
-0.12,
-0.114,
-0.108,
-0.102,
-0.096,
-0.09,
-0.084,
-0.078,
-0.072,
-0.066,
-0.06,
-0.054,
-0.048,
-0.042,
-0.036,
-0.03,
-0.024,
-0.018,
-0.012,
-0.006,
0.0,
0.006,
0.012,
0.018,
0.024,
0.03,
0.036,
0.042,
0.048,
0.054,
0.06,
0.066,
0.072,
0.078,
0.084,
0.09,
0.096,
0.102,
0.108,
0.114,
0.12,
0.126,
0.132,
0.138,
0.144,
0.15,
0.156,
0.162,
0.168,
0.174,
0.18,
0.186,
0.192,
0.198,
0.204,
0.21,
0.216,
0.222,
0.228,
0.234,
0.24,
0.246,
0.252,
0.258,
0.264,
0.27,
0.276,
0.282,
0.288,
0.294,
0.3,
0.306,
0.312,
0.318,
0.324,
0.33,
0.336,
0.342,
0.348,
0.354,
0.36,
0.366,
0.372,
0.378,
0.384,
0.39,
0.396,
0.402,
0.408,
0.414,
0.42,
0.426,
0.432,
0.438,
0.444,
0.45,
0.456,
0.462,
0.468,
0.474,
0.48,
0.486,
0.492,
0.498,
0.504,
0.51,
0.516,
0.522,
0.528,
0.534,
0.54,
0.546,
0.552,
0.558,
0.564,
0.57,
0.576,
0.582,
0.588,
0.594,
0.6,
0.606,
0.612,
0.618,
0.624,
0.63,
0.636,
0.642,
0.648,
0.654,
0.66,
0.666,
0.672,
0.678,
0.684,
0.69,
0.696,
0.702,
0.708,
0.714,
0.72,
0.726,
0.732,
0.738,
0.744,
0.75,
0.756,
0.762,
0.768,
0.774,
0.78,
0.786,
0.792,
0.798,
0.804,
0.81,
0.816,
0.822,
0.828,
0.834,
0.84,
0.846,
0.852,
0.858,
0.864,
0.87,
0.876,
0.882,
0.888,
0.894,
0.9,
0.906,
0.912,
0.918,
0.924,
0.93,
0.936,
0.942,
0.948,
0.954,
0.96,
0.966,
0.972,
0.978,
0.984,
0.99,
0.996,
1.002,
1.008,
1.014,
1.02,
1.026,
1.032,
1.038,
1.044,
1.05,
1.056,
1.062,
1.068,
1.074,
1.08,
1.086,
1.092,
1.098,
1.104,
1.11,
1.116,
1.122,
1.128,
1.134,
1.14,
1.146,
1.152,
1.158,
1.164,
1.17,
1.176,
1.182,
1.188,
1.194,
1.2,
1.206,
1.212,
1.218,
1.224,
1.23,
1.236,
1.242,
1.248,
1.254,
1.26,
1.266,
1.272,
1.278,
1.284,
1.29,
1.296,
1.302,
1.308,
1.314,
1.32,
1.326,
1.332,
1.338,
1.344,
1.35,
1.356,
1.362,
1.368,
1.374,
1.38,
1.386,
1.392,
1.398,
1.404,
1.41,
1.416,
1.422,
1.428,
1.434,
1.44,
1.446,
1.452,
1.458,
1.464,
1.47,
1.476,
1.482,
1.488,
1.494,
1.5,];
czc = [
355.0,
355.03540269814755,
355.073515053204,
355.11433570081454,
355.1578631796723,
355.20409593157035,
355.25303230145823,
355.30467053750033,
355.35900879113933,
355.41604511716173,
355.4757774737682,
355.5382037226459,
355.6033216290457,
355.6711288618617,
355.74162299371517,
355.81480150104073,
355.89066176417737,
355.969201067462,
356.05041659932647,
356.1343054523985,
356.22086462360573,
356.31009101428276,
356.40198143028294,
356.49653258209185,
356.5937410849456,
356.693603458952,
356.7961161292145,
356.9012754259611,
357.0090775846751,
357.1195187462299,
357.23259495702746,
357.3483021691394,
357.46663624045243,
357.58759293481626,
357.71116792219505,
357.8373567788233,
357.96615498736287,
358.0975579370661,
358.2315609239399,
358.3681591509144,
358.5073477280148,
358.64912167253647,
358.79347590922316,
358.9404052704484,
359.08990449640123,
359.24196823527404,
359.3965910434539,
359.55376738571806,
359.7134916354315,
359.8757580747489,
360.04056089481867,
360.2078941959917,
360.37775198803195,
360.55012819033084,
360.72501663212574,
360.9024110527196,
361.0823051017062,
361.26469233919704,
361.44956623605174,
361.636920174112,
361.8267474464383,
362.0190412575504,
362.21379472366993,
362.41100087296763,
362.61065264581237,
362.8127428950238,
363.017264386129,
363.2242097976201,
363.4335717212181,
363.64534266213616,
363.8595150393496,
364.0760811858664,
364.29503334900176,
364.51636369065557,
364.7400642875933,
364.96612713172965,
365.1945441304148,
365.4253071067243,
365.6584077997521,
365.8938378649059,
366.13158887420605,
366.3716523165871,
366.6140195982026,
366.858682042733,
367.10563089169545,
367.3548573047585,
367.6063523600575,
367.8601070545145,
368.11611230416054,
368.3743589444607,
368.6348377306424,
368.8975393380259,
369.16245436235874,
369.4295733201518,
369.6988866490191,
369.97038470802,
370.2440577780046,
370.51989606196116,
370.7978896853675,
371.0780286965437,
371.3603030670089,
371.6447026918404,
371.9312173900346,
372.21983690487264,
372.51055090428656,
372.80334898122965,
373.0982206540489,
373.3951553668603,
373.69414248992666,
373.995171320038,
374.2982310808951,
374.60331092349463,
374.91039992651827,
375.21948709672324,
375.5305613693356,
375.8436116084472,
376.1586266074132,
376.4755950892543,
376.7945057070598,
377.11534704439384,
377.43810761570455,
377.7627758667344,
378.0893401749348,
378.4177888498813,
378.74811013369265,
379.0802922014516,
379.41432316162775,
379.7501910565039,
380.08788386260403,
380.4273894911231,
380.76869578836045,
381.1117905361547,
381.4566614523211,
381.803296191091,
382.1516823435544,
382.5018074381036,
382.85365894087965,
383.2072242562215,
383.5624907271166,
383.91944563565403,
384.2780762034797,
384.638369592254,
385.0003129041113,
385.3638931821214,
385.729097410754,
386.0959125163438,
386.46432536755924,
386.83432277587235,
387.20589149603063,
387.5790182265315,
387.9536896100982,
388.3298922341585,
388.70761263132397,
389.08683727987295,
389.46755260423424,
389.84974497547284,
390.23340071177836,
390.6185060789543,
391.00504729091006,
391.39301051015434,
391.78238184829047,
392.1731473665136,
392.5652930761098,
392.9588049389565,
393.3536688680257,
393.74987072788724,
394.1473963352157,
394.54623145929804,
394.9463618225426,
395.3477731009905,
395.7504509248281,
396.1543808789023,
396.5595485032353,
396.96593929354333,
397.37353870175536,
397.7823321365337,
398.192304963797,
398.60344250724347,
399.0157300488768,
399.4291528295324,
399.8436960494066,
400.2593448685856,
400.67608440757726,
401.0938997478437,
401.512775932335,
401.9326979660252,
402.35365081644863,
402.775619414238,
403.1985886536645,
403.6225433931779,
404.04746845594866,
404.4733486304116,
404.9001686708101,
405.32791329774204,
405.756567198707,
406.1861150286536,
406.61654141053,
407.0478309358333,
407.4799681651617,
407.9129376287673,
408.3467238271094,
408.78131123140986,
409.21668428420867,
409.65282739992097,
410.08972496539525,
410.52736134047166,
410.96572085854245,
411.40478782711284,
411.84454652836223,
412.28498121970745,
412.72607613436594,
413.16781548192034,
413.61018344888373,
414.0531641992659,
414.49674187513983,
414.94090059720975,
415.38562446537946,
415.83089755932144,
416.276703939047,
416.7230276454767,
417.1698527010117,
417.6171631101058,
418.06494285983797,
418.51317592048554,
