z = [
-1.5,
-1.494,
-1.488,
-1.482,
-1.476,
-1.47,
-1.464,
-1.458,
-1.452,
-1.446,
-1.44,
-1.434,
-1.428,
-1.422,
-1.416,
-1.41,
-1.404,
-1.398,
-1.392,
-1.386,
-1.38,
-1.374,
-1.368,
-1.362,
-1.356,
-1.35,
-1.344,
-1.338,
-1.332,
-1.326,
-1.32,
-1.314,
-1.308,
-1.302,
-1.296,
-1.29,
-1.284,
-1.278,
-1.272,
-1.266,
-1.26,
-1.254,
-1.248,
-1.242,
-1.236,
-1.23,
-1.224,
-1.218,
-1.212,
-1.206,
-1.2,
-1.194,
-1.188,
-1.182,
-1.176,
-1.17,
-1.164,
-1.158,
-1.152,
-1.146,
-1.14,
-1.134,
-1.128,
-1.122,
-1.116,
-1.11,
-1.104,
-1.098,
-1.092,
-1.086,
-1.08,
-1.074,
-1.068,
-1.062,
-1.056,
-1.05,
-1.044,
-1.038,
-1.032,
-1.026,
-1.02,
-1.014,
-1.008,
-1.002,
-0.996,
-0.99,
-0.984,
-0.978,
-0.972,
-0.966,
-0.96,
-0.954,
-0.948,
-0.942,
-0.936,
-0.93,
-0.924,
-0.918,
-0.912,
-0.906,
-0.9,
-0.894,
-0.888,
-0.882,
-0.876,
-0.87,
-0.864,
-0.858,
-0.852,
-0.846,
-0.84,
-0.834,
-0.828,
-0.822,
-0.816,
-0.81,
-0.804,
-0.798,
-0.792,
-0.786,
-0.78,
-0.774,
-0.768,
-0.762,
-0.756,
-0.75,
-0.744,
-0.738,
-0.732,
-0.726,
-0.72,
-0.714,
-0.708,
-0.702,
-0.696,
-0.69,
-0.684,
-0.678,
-0.672,
-0.666,
-0.66,
-0.654,
-0.648,
-0.642,
-0.636,
-0.63,
-0.624,
-0.618,
-0.612,
-0.606,
-0.6,
-0.594,
-0.588,
-0.582,
-0.576,
-0.57,
-0.564,
-0.558,
-0.552,
-0.546,
-0.54,
-0.534,
-0.528,
-0.522,
-0.516,
-0.51,
-0.504,
-0.498,
-0.492,
-0.486,
-0.48,
-0.474,
-0.468,
-0.462,
-0.456,
-0.45,
-0.444,
-0.438,
-0.432,
-0.426,
-0.42,
-0.414,
-0.408,
-0.402,
-0.396,
-0.39,
-0.384,
-0.378,
-0.372,
-0.366,
-0.36,
-0.354,
-0.348,
-0.342,
-0.336,
-0.33,
-0.324,
-0.318,
-0.312,
-0.306,
-0.3,
-0.294,
-0.288,
-0.282,
-0.276,
-0.27,
-0.264,
-0.258,
-0.252,
-0.246,
-0.24,
-0.234,
-0.228,
-0.222,
-0.216,
-0.21,
-0.204,
-0.198,
-0.192,
-0.186,
-0.18,
-0.174,
-0.168,
-0.162,
-0.156,
-0.15,
-0.144,
-0.138,
-0.132,
-0.126,
-0.12,
-0.114,
-0.108,
-0.102,
-0.096,
-0.09,
-0.084,
-0.078,
-0.072,
-0.066,
-0.06,
-0.054,
-0.048,
-0.042,
-0.036,
-0.03,
-0.024,
-0.018,
-0.012,
-0.006,
0.0,
0.006,
0.012,
0.018,
0.024,
0.03,
0.036,
0.042,
0.048,
0.054,
0.06,
0.066,
0.072,
0.078,
0.084,
0.09,
0.096,
0.102,
0.108,
0.114,
0.12,
0.126,
0.132,
0.138,
0.144,
0.15,
0.156,
0.162,
0.168,
0.174,
0.18,
0.186,
0.192,
0.198,
0.204,
0.21,
0.216,
0.222,
0.228,
0.234,
0.24,
0.246,
0.252,
0.258,
0.264,
0.27,
0.276,
0.282,
0.288,
0.294,
0.3,
0.306,
0.312,
0.318,
0.324,
0.33,
0.336,
0.342,
0.348,
0.354,
0.36,
0.366,
0.372,
0.378,
0.384,
0.39,
0.396,
0.402,
0.408,
0.414,
0.42,
0.426,
0.432,
0.438,
0.444,
0.45,
0.456,
0.462,
0.468,
0.474,
0.48,
0.486,
0.492,
0.498,
0.504,
0.51,
0.516,
0.522,
0.528,
0.534,
0.54,
0.546,
0.552,
0.558,
0.564,
0.57,
0.576,
0.582,
0.588,
0.594,
0.6,
0.606,
0.612,
0.618,
0.624,
0.63,
0.636,
0.642,
0.648,
0.654,
0.66,
0.666,
0.672,
0.678,
0.684,
0.69,
0.696,
0.702,
0.708,
0.714,
0.72,
0.726,
0.732,
0.738,
0.744,
0.75,
0.756,
0.762,
0.768,
0.774,
0.78,
0.786,
0.792,
0.798,
0.804,
0.81,
0.816,
0.822,
0.828,
0.834,
0.84,
0.846,
0.852,
0.858,
0.864,
0.87,
0.876,
0.882,
0.888,
0.894,
0.9,
0.906,
0.912,
0.918,
0.924,
0.93,
0.936,
0.942,
0.948,
0.954,
0.96,
0.966,
0.972,
0.978,
0.984,
0.99,
0.996,
1.002,
1.008,
1.014,
1.02,
1.026,
1.032,
1.038,
1.044,
1.05,
1.056,
1.062,
1.068,
1.074,
1.08,
1.086,
1.092,
1.098,
1.104,
1.11,
1.116,
1.122,
1.128,
1.134,
1.14,
1.146,
1.152,
1.158,
1.164,
1.17,
1.176,
1.182,
1.188,
1.194,
1.2,
1.206,
1.212,
1.218,
1.224,
1.23,
1.236,
1.242,
1.248,
1.254,
1.26,
1.266,
1.272,
1.278,
1.284,
1.29,
1.296,
1.302,
1.308,
1.314,
1.32,
1.326,
1.332,
1.338,
1.344,
1.35,
1.356,
1.362,
1.368,
1.374,
1.38,
1.386,
1.392,
1.398,
1.404,
1.41,
1.416,
1.422,
1.428,
1.434,
1.44,
1.446,
1.452,
1.458,
1.464,
1.47,
1.476,
1.482,
1.488,
1.494,
1.5,];
cze = [
355.0,
355.020345264089,
355.0422477169882,
355.0657065746283,
355.090720997224,
355.1172900893031,
355.1454128997391,
355.17508842178506,
355.20631559311016,
355.2390932958366,
355.2734203565807,
355.30929554649447,
355.3467175813097,
355.3856851213835,
355.4261967717472,
355.46825108215523,
355.5118465471378,
355.55698160605425,
355.60365464314964,
355.6518639876115,
355.7016079136308,
355.7528846404631,
355.8056923324921,
355.86002909929607,
355.9158929957148,
355.9732820219198,
356.0321941234853,
356.0926271914624,
356.15457906245433,
356.21804751869365,
356.28303028812195,
356.3495250444711,
356.4175294073465,
356.4870409423122,
356.5580571609785,
356.63057552109024,
356.70459342661854,
356.78010822785336,
356.85711722149847,
356.9356176507681,
357.015606705486,
357.0970815221855,
357.1800391842121,
357.2644767218287,
357.3503911123206,
357.4377792801048,
357.5266380968394,
357.61696438153626,
357.70875490067397,
357.80200636831466,
357.8967154462206,
357.9928787439744,
358.0904928191004,
358.18955417718723,
358.29005927201376,
358.39200450567523,
358.49538622871296,
358.6002007402441,
358.70644428809464,
358.81411306893347,
358.92320322840897,
359.0337108612863,
359.14563201158796,
359.2589626727347,
359.3736987876896,
359.4898362491025,
359.60737089945803,
359.7262985312236,
359.84661488700056,
359.96831565967625,
360.09139649257827,
360.2158529796309,
360.34168066551194,
360.46887504581287,
360.59743156720015,
360.72734562757773,
360.8586125762521,
360.99122771409895,
361.12518629373096,
361.260483519668,
361.39711454850885,
361.53507448910455,
361.6743584027332,
361.8149613032774,
361.956878157402,
362.10010388473484,
362.2446333580483,
362.39046140344306,
362.5375828005331,
362.6859922826328,
362.83568453694534,
362.986654204753,
363.13889588160873,
363.29240411753005,
363.44717341719365,
363.60319824013254,
363.7604730009343,
363.9189920694406,
364.07874977094946,
364.2397403864179,
364.4019581526668,
364.5653972625871,
364.73005186534806,
364.8959160666062,
365.0629839287167,
365.2312494709456,
365.4007066696844,
365.5713494586653,
365.74317172917836,
365.9161673302905,
366.0903300690652,
366.2656537107848,
366.44213197917304,
366.61975855662024,
366.79852708440944,
366.9784311629435,
367.159464351975,
367.3416201708359,
367.5248920986704,
367.7092735746679,
367.8947579982978,
368.0813387295458,
368.2690090891522,
368.45776235885,
368.6475917816065,
368.838490561864,
369.030451865784,
369.2234688214918,
369.41753451932186,
369.6126420120655,
369.8087843152199,
370.0059544072377,
370.20414522977865,
370.40334968796174,
370.60356065062024,
370.80477095055573,
371.00697338479574,
371.2101607148509,
371.4143256669744,
371.61946093242216,
371.8255591677149,
372.0326129949003,
372.2406150018181,
372.44955774236416,
372.6594337367585,
372.8702354718117,
373.0819554011947,
373.29458594570895,
373.50811949355705,
373.7225484006158,
373.93786499071007,
374.15406155588676,
374.37113035669154,
374.58906362244556,
374.8078535515234,
375.02749231163295,
375.2479720400952,
375.46928484412615,
375.69142280111896,
375.91437795892807,
376.13814233615324,
376.3627079224258,
376.5880666786951,
376.8142105375166,
377.0411314033404,
377.268821152801,
377.49727163500836,
377.72647467183947,
377.9564220582313,
378.18710556247424,
378.4185169265072,
378.6506478662128,
378.8834900717144,
379.11703520767276,
379.3512749135856,
379.5862008040858,
379.82180446924235,
380.0580774748611,
380.29501136278634,
380.53259765120424,
380.7708278349463,
381.0096933857934,
381.2491857527815,
381.48929636250784,
381.7300166194375,
381.97133790621115,
382.21325158395393,
382.4557489925842,
382.698821451124,
382.9424602580093,
383.18665669140216,
383.43140200950234,
383.67668745086064,
383.92250423469227,
384.16884356119147,
384.4156966118462,
384.6630545497542,
384.91090851993897,
385.1592496496671,
385.4080690487656,
385.6573578099402,
385.9071070090947,
386.1573077056495,
386.4079509428625,
386.65902774814947,
386.910529133405,
387.16244609532464,
387.414769615727,
387.6674906618765,
387.92060018680706,
388.1740891296455,
388.4279484159364,
388.6821689579664,
388.93674165509003,
389.1916573940555,
389.4469070493301,
389.7024814834282,
389.9583715472371,
390.21456808034566,
390.4710619113712,
390.72784385828845,
390.98490472875824,
391.2422353204563,
391.4998264214029,
