z = [
-1.5,
-1.494,
-1.488,
-1.482,
-1.476,
-1.47,
-1.464,
-1.458,
-1.452,
-1.446,
-1.44,
-1.434,
-1.428,
-1.422,
-1.416,
-1.41,
-1.404,
-1.398,
-1.392,
-1.386,
-1.38,
-1.374,
-1.368,
-1.362,
-1.356,
-1.35,
-1.344,
-1.338,
-1.332,
-1.326,
-1.32,
-1.314,
-1.308,
-1.302,
-1.296,
-1.29,
-1.284,
-1.278,
-1.272,
-1.266,
-1.26,
-1.254,
-1.248,
-1.242,
-1.236,
-1.23,
-1.224,
-1.218,
-1.212,
-1.206,
-1.2,
-1.194,
-1.188,
-1.182,
-1.176,
-1.17,
-1.164,
-1.158,
-1.152,
-1.146,
-1.14,
-1.134,
-1.128,
-1.122,
-1.116,
-1.11,
-1.104,
-1.098,
-1.092,
-1.086,
-1.08,
-1.074,
-1.068,
-1.062,
-1.056,
-1.05,
-1.044,
-1.038,
-1.032,
-1.026,
-1.02,
-1.014,
-1.008,
-1.002,
-0.996,
-0.99,
-0.984,
-0.978,
-0.972,
-0.966,
-0.96,
-0.954,
-0.948,
-0.942,
-0.936,
-0.93,
-0.924,
-0.918,
-0.912,
-0.906,
-0.9,
-0.894,
-0.888,
-0.882,
-0.876,
-0.87,
-0.864,
-0.858,
-0.852,
-0.846,
-0.84,
-0.834,
-0.828,
-0.822,
-0.816,
-0.81,
-0.804,
-0.798,
-0.792,
-0.786,
-0.78,
-0.774,
-0.768,
-0.762,
-0.756,
-0.75,
-0.744,
-0.738,
-0.732,
-0.726,
-0.72,
-0.714,
-0.708,
-0.702,
-0.696,
-0.69,
-0.684,
-0.678,
-0.672,
-0.666,
-0.66,
-0.654,
-0.648,
-0.642,
-0.636,
-0.63,
-0.624,
-0.618,
-0.612,
-0.606,
-0.6,
-0.594,
-0.588,
-0.582,
-0.576,
-0.57,
-0.564,
-0.558,
-0.552,
-0.546,
-0.54,
-0.534,
-0.528,
-0.522,
-0.516,
-0.51,
-0.504,
-0.498,
-0.492,
-0.486,
-0.48,
-0.474,
-0.468,
-0.462,
-0.456,
-0.45,
-0.444,
-0.438,
-0.432,
-0.426,
-0.42,
-0.414,
-0.408,
-0.402,
-0.396,
-0.39,
-0.384,
-0.378,
-0.372,
-0.366,
-0.36,
-0.354,
-0.348,
-0.342,
-0.336,
-0.33,
-0.324,
-0.318,
-0.312,
-0.306,
-0.3,
-0.294,
-0.288,
-0.282,
-0.276,
-0.27,
-0.264,
-0.258,
-0.252,
-0.246,
-0.24,
-0.234,
-0.228,
-0.222,
-0.216,
-0.21,
-0.204,
-0.198,
-0.192,
-0.186,
-0.18,
-0.174,
-0.168,
-0.162,
-0.156,
-0.15,
-0.144,
-0.138,
-0.132,
-0.126,
-0.12,
-0.114,
-0.108,
-0.102,
-0.096,
-0.09,
-0.084,
-0.078,
-0.072,
-0.066,
-0.06,
-0.054,
-0.048,
-0.042,
-0.036,
-0.03,
-0.024,
-0.018,
-0.012,
-0.006,
0.0,
0.006,
0.012,
0.018,
0.024,
0.03,
0.036,
0.042,
0.048,
0.054,
0.06,
0.066,
0.072,
0.078,
0.084,
0.09,
0.096,
0.102,
0.108,
0.114,
0.12,
0.126,
0.132,
0.138,
0.144,
0.15,
0.156,
0.162,
0.168,
0.174,
0.18,
0.186,
0.192,
0.198,
0.204,
0.21,
0.216,
0.222,
0.228,
0.234,
0.24,
0.246,
0.252,
0.258,
0.264,
0.27,
0.276,
0.282,
0.288,
0.294,
0.3,
0.306,
0.312,
0.318,
0.324,
0.33,
0.336,
0.342,
0.348,
0.354,
0.36,
0.366,
0.372,
0.378,
0.384,
0.39,
0.396,
0.402,
0.408,
0.414,
0.42,
0.426,
0.432,
0.438,
0.444,
0.45,
0.456,
0.462,
0.468,
0.474,
0.48,
0.486,
0.492,
0.498,
0.504,
0.51,
0.516,
0.522,
0.528,
0.534,
0.54,
0.546,
0.552,
0.558,
0.564,
0.57,
0.576,
0.582,
0.588,
0.594,
0.6,
0.606,
0.612,
0.618,
0.624,
0.63,
0.636,
0.642,
0.648,
0.654,
0.66,
0.666,
0.672,
0.678,
0.684,
0.69,
0.696,
0.702,
0.708,
0.714,
0.72,
0.726,
0.732,
0.738,
0.744,
0.75,
0.756,
0.762,
0.768,
0.774,
0.78,
0.786,
0.792,
0.798,
0.804,
0.81,
0.816,
0.822,
0.828,
0.834,
0.84,
0.846,
0.852,
0.858,
0.864,
0.87,
0.876,
0.882,
0.888,
0.894,
0.9,
0.906,
0.912,
0.918,
0.924,
0.93,
0.936,
0.942,
0.948,
0.954,
0.96,
0.966,
0.972,
0.978,
0.984,
0.99,
0.996,
1.002,
1.008,
1.014,
1.02,
1.026,
1.032,
1.038,
1.044,
1.05,
1.056,
1.062,
1.068,
1.074,
1.08,
1.086,
1.092,
1.098,
1.104,
1.11,
1.116,
1.122,
1.128,
1.134,
1.14,
1.146,
1.152,
1.158,
1.164,
1.17,
1.176,
1.182,
1.188,
1.194,
1.2,
1.206,
1.212,
1.218,
1.224,
1.23,
1.236,
1.242,
1.248,
1.254,
1.26,
1.266,
1.272,
1.278,
1.284,
1.29,
1.296,
1.302,
1.308,
1.314,
1.32,
1.326,
1.332,
1.338,
1.344,
1.35,
1.356,
1.362,
1.368,
1.374,
1.38,
1.386,
1.392,
1.398,
1.404,
1.41,
1.416,
1.422,
1.428,
1.434,
1.44,
1.446,
1.452,
1.458,
1.464,
1.47,
1.476,
1.482,
1.488,
1.494,
1.5,];
fit = [
370.7776965592691,
373.97669288869395,
375.399724382072,
376.83382580937587,
378.26903845837296,
379.7053769098791,
381.1427905413542,
382.5812293416899,
384.02064345416375,
385.4609831800989,
386.9021989790933,
388.3442414692538,
389.787061427402,
391.23060978925946,
392.6748376496088,
394.1196962624316,
395.5651370410251,
397.01111155809747,
398.45757154584055,
399.9044688959847,
401.3517556598309,
402.79938404826555,
404.2473064317544,
405.69547534031983,
407.14384346349857,
408.59236365028244,
410.04098890904265,
411.48967240743536,
412.938367472295,
414.3870275895067,
415.83560640386816,
417.28405771893426,
418.7323354968471,
420.1803938581537,
421.62818708160887,
423.075669603965,
424.5227960197507,
425.96952108103505,
427.4157996971803,
428.86158693458583,
430.30683801641726,
431.7515083223267,
433.1955533881636,
434.6389289056734,
436.0815907221887,
437.52349484031004,
438.96459741757826,
440.4048547661379,
441.844223352394,
443.28265979665923,
444.72012087279404,
446.1565635078406,
447.59194478164943,
449.0262219264994,
450.4593523267116,
451.8912935182576,
453.32200318836215,
454.75143917510104,
456.1795594669924,
457.60632220258674,
459.03168567004866,
460.45560830673764,
461.878048698783,
463.2989655806572,
464.7183178347442,
466.13606449090685,
467.5521647260488,
468.96657786367666,
470.3792633734595,
471.79018087078475,
473.1992901163137,
474.606551015537,
476.01192361832557,
477.4153681184831,
478.81684485329777,
480.21631430309196,
481.6137370907725,
483.00907398138236,
484.40228588164905,
485.79333383953656,
487.1821790437965,
488.5687828235199,
489.9531066476901,
491.3351121247375,
492.714761002095,
494.09201516575365,
495.4668366398238,
496.83918758609343,
498.20903030359204,
499.5763272281557,
500.9410409319937,
502.3031341232589,
503.66256964562047,
505.01931047783876,
506.37331973334506,
507.72456065982215,
509.0729966387904,
510.41859118519596,
511.7613079470033,
513.1011107047907,
514.4379633713518,
515.7718299912975,
517.1026747406661,
518.4304619265349,
519.755155986638,
521.0767214889865,
522.3951231314967,
523.7103257416201,
525.022294275979,
526.330993820009,
527.6363895876043,
528.9384469207693,
530.2371312892752,
531.5324082903238,
532.824243648213,
534.1126032140129,
535.397452965243,
536.6787590055591,
537.956487564443,
539.2306049969011,
540.5010777831662,
541.7678725284088,
543.030955962451,
544.2902949394904,
545.5458564378272,
546.7976075596006,
548.0455155305294,
549.289547699662,
550.5296715391296,
551.76585464391,
552.9980647315948,
554.2262696421666,
555.4504373377805,
556.6705359025551,
557.8865335423683,
559.0983985846624,
560.3060994782545,
561.5096047931562,
562.7088832203982,
563.9039035718646,
565.094634780133,
566.2810458983236,
567.4631060999534,
568.6407846788005,
569.8140510487754,
570.9828747437978,
572.1472254176839,
573.30707284404,
574.4623869161645,
575.6131376469563,
576.7592951688313,
577.9008297336501,
579.037711712648,
580.169911596376,
581.2973999946512,
582.4201476365104,
583.5381253701777,
584.6513041630338,
585.7596551015982,
586.8631493915167,
587.9617583575579,
589.0554534436175,
590.1442062127306,
591.2279883470918,
592.3067716480851,
593.3805280363171,
594.4492295516651,
595.5128483533273,
596.5713567198851,
597.6247270493695,
598.6729318593407,
599.7159437869705,
600.7537355891367,
601.7862801425233,
602.8135504437298,
603.8355196093879,
604.852160876287,
605.863447601507,
606.8693532625591,
607.8698514575357,
608.8649159052667,
609.854520445485,
610.8386390389995,
611.8172457678755,
612.7903148356246,
613.7578205674005,
614.7197374102035,
615.6760399330944,
616.6267028274139,
617.57170090701,
618.5110091084754,
619.4446024913899,
620.3724562385731,
621.2945456563419,
622.2108461747788,
623.1213333480056,
624.0259828544644,
624.9247704972094,
625.8176722042016,
626.7046640286152,
627.585722149148,
628.4608228703424,
629.3299426229111,
630.1930579640708,
631.0501455778855,
631.9011822756123,
632.7461449960606,
633.585010805952,
634.4177569002917,
635.2443606027456,
636.0647993660245,
636.8790507722746,
637.6870925334754,
638.4889024918459,
639.2844586202541,
640.0737390226366,
640.8567219344227,
641.6333857229673,
642.4037088879878,
643.1676700620085,
643.9252480108132,
644.6764216339012,
645.4211699649514,
646.1594721722923,
646.8913075593786,
647.6166555652725,
648.3354957651325,
