z = [
-1.5,
-1.494,
-1.488,
-1.482,
-1.476,
-1.47,
-1.464,
-1.458,
-1.452,
-1.446,
-1.44,
-1.434,
-1.428,
-1.422,
-1.416,
-1.41,
-1.404,
-1.398,
-1.392,
-1.386,
-1.38,
-1.374,
-1.368,
-1.362,
-1.356,
-1.35,
-1.344,
-1.338,
-1.332,
-1.326,
-1.32,
-1.314,
-1.308,
-1.302,
-1.296,
-1.29,
-1.284,
-1.278,
-1.272,
-1.266,
-1.26,
-1.254,
-1.248,
-1.242,
-1.236,
-1.23,
-1.224,
-1.218,
-1.212,
-1.206,
-1.2,
-1.194,
-1.188,
-1.182,
-1.176,
-1.17,
-1.164,
-1.158,
-1.152,
-1.146,
-1.14,
-1.134,
-1.128,
-1.122,
-1.116,
-1.11,
-1.104,
-1.098,
-1.092,
-1.086,
-1.08,
-1.074,
-1.068,
-1.062,
-1.056,
-1.05,
-1.044,
-1.038,
-1.032,
-1.026,
-1.02,
-1.014,
-1.008,
-1.002,
-0.996,
-0.99,
-0.984,
-0.978,
-0.972,
-0.966,
-0.96,
-0.954,
-0.948,
-0.942,
-0.936,
-0.93,
-0.924,
-0.918,
-0.912,
-0.906,
-0.9,
-0.894,
-0.888,
-0.882,
-0.876,
-0.87,
-0.864,
-0.858,
-0.852,
-0.846,
-0.84,
-0.834,
-0.828,
-0.822,
-0.816,
-0.81,
-0.804,
-0.798,
-0.792,
-0.786,
-0.78,
-0.774,
-0.768,
-0.762,
-0.756,
-0.75,
-0.744,
-0.738,
-0.732,
-0.726,
-0.72,
-0.714,
-0.708,
-0.702,
-0.696,
-0.69,
-0.684,
-0.678,
-0.672,
-0.666,
-0.66,
-0.654,
-0.648,
-0.642,
-0.636,
-0.63,
-0.624,
-0.618,
-0.612,
-0.606,
-0.6,
-0.594,
-0.588,
-0.582,
-0.576,
-0.57,
-0.564,
-0.558,
-0.552,
-0.546,
-0.54,
-0.534,
-0.528,
-0.522,
-0.516,
-0.51,
-0.504,
-0.498,
-0.492,
-0.486,
-0.48,
-0.474,
-0.468,
-0.462,
-0.456,
-0.45,
-0.444,
-0.438,
-0.432,
-0.426,
-0.42,
-0.414,
-0.408,
-0.402,
-0.396,
-0.39,
-0.384,
-0.378,
-0.372,
-0.366,
-0.36,
-0.354,
-0.348,
-0.342,
-0.336,
-0.33,
-0.324,
-0.318,
-0.312,
-0.306,
-0.3,
-0.294,
-0.288,
-0.282,
-0.276,
-0.27,
-0.264,
-0.258,
-0.252,
-0.246,
-0.24,
-0.234,
-0.228,
-0.222,
-0.216,
-0.21,
-0.204,
-0.198,
-0.192,
-0.186,
-0.18,
-0.174,
-0.168,
-0.162,
-0.156,
-0.15,
-0.144,
-0.138,
-0.132,
-0.126,
-0.12,
-0.114,
-0.108,
-0.102,
-0.096,
-0.09,
-0.084,
-0.078,
-0.072,
-0.066,
-0.06,
-0.054,
-0.048,
-0.042,
-0.036,
-0.03,
-0.024,
-0.018,
-0.012,
-0.006,
0.0,
0.006,
0.012,
0.018,
0.024,
0.03,
0.036,
0.042,
0.048,
0.054,
0.06,
0.066,
0.072,
0.078,
0.084,
0.09,
0.096,
0.102,
0.108,
0.114,
0.12,
0.126,
0.132,
0.138,
0.144,
0.15,
0.156,
0.162,
0.168,
0.174,
0.18,
0.186,
0.192,
0.198,
0.204,
0.21,
0.216,
0.222,
0.228,
0.234,
0.24,
0.246,
0.252,
0.258,
0.264,
0.27,
0.276,
0.282,
0.288,
0.294,
0.3,
0.306,
0.312,
0.318,
0.324,
0.33,
0.336,
0.342,
0.348,
0.354,
0.36,
0.366,
0.372,
0.378,
0.384,
0.39,
0.396,
0.402,
0.408,
0.414,
0.42,
0.426,
0.432,
0.438,
0.444,
0.45,
0.456,
0.462,
0.468,
0.474,
0.48,
0.486,
0.492,
0.498,
0.504,
0.51,
0.516,
0.522,
0.528,
0.534,
0.54,
0.546,
0.552,
0.558,
0.564,
0.57,
0.576,
0.582,
0.588,
0.594,
0.6,
0.606,
0.612,
0.618,
0.624,
0.63,
0.636,
0.642,
0.648,
0.654,
0.66,
0.666,
0.672,
0.678,
0.684,
0.69,
0.696,
0.702,
0.708,
0.714,
0.72,
0.726,
0.732,
0.738,
0.744,
0.75,
0.756,
0.762,
0.768,
0.774,
0.78,
0.786,
0.792,
0.798,
0.804,
0.81,
0.816,
0.822,
0.828,
0.834,
0.84,
0.846,
0.852,
0.858,
0.864,
0.87,
0.876,
0.882,
0.888,
0.894,
0.9,
0.906,
0.912,
0.918,
0.924,
0.93,
0.936,
0.942,
0.948,
0.954,
0.96,
0.966,
0.972,
0.978,
0.984,
0.99,
0.996,
1.002,
1.008,
1.014,
1.02,
1.026,
1.032,
1.038,
1.044,
1.05,
1.056,
1.062,
1.068,
1.074,
1.08,
1.086,
1.092,
1.098,
1.104,
1.11,
1.116,
1.122,
1.128,
1.134,
1.14,
1.146,
1.152,
1.158,
1.164,
1.17,
1.176,
1.182,
1.188,
1.194,
1.2,
1.206,
1.212,
1.218,
1.224,
1.23,
1.236,
1.242,
1.248,
1.254,
1.26,
1.266,
1.272,
1.278,
1.284,
1.29,
1.296,
1.302,
1.308,
1.314,
1.32,
1.326,
1.332,
1.338,
1.344,
1.35,
1.356,
1.362,
1.368,
1.374,
1.38,
1.386,
1.392,
1.398,
1.404,
1.41,
1.416,
1.422,
1.428,
1.434,
1.44,
1.446,
1.452,
1.458,
1.464,
1.47,
1.476,
1.482,
1.488,
1.494,
1.5,];
git = [
359.62737624653676,
359.8606942463481,
360.2657595079464,
360.67430247247034,
361.08624626437734,
361.5015771350676,
361.92028123781233,
362.3423446036252,
362.7677531416566,
363.19649263960287,
363.62854876411666,
364.06390706122477,
364.5025529567454,
364.9444717567113,
365.38964864779655,
365.83806869774526,
366.28971685580404,
366.74457795316005,
367.20263670337897,
367.6638777028496,
368.12828543123,
368.5958442518969,
369.0665384123997,
369.5403520449174,
370.0172691667178,
370.49727368062145,
370.9803493754682,
371.4664799265869,
371.9556488962694,
372.44783973424614,
372.94303577816686,
373.4412202540833,
373.9423762769353,
374.44648685104096,
374.9535348705891,
375.46350312013544,
375.9763742751021,
376.4921309022801,
377.01075546033405,
377.5322303003128,
378.05653766616047,
378.58365969523186,
379.11357841881124,
379.646275762634,
380.1817335474111,
380.7199334893578,
381.2608572007242,
381.80448619032984,
382.35080186410164,
382.8997855256141,
383.4514183766332,
384.00568151766356,
384.56255594849847,
385.1220225687737,
385.6840621785233,
386.24865547873935,
386.81578307193513,
387.3854254627113,
387.9575630583232,
388.532176169256,
389.1092450097975,
389.6887496986185,
390.27067025935287,
390.8549866211839,
391.44167861943185,
392.03072599614507,
392.6221084006944,
393.2158053903705,
393.8117964309856,
394.41006089747657,
395.0105780745114,
395.6133271571017,
396.2182872512144,
396.8254373743887,
397.4347564563568,
398.04622333966654,
398.6598167803073,
399.2755154483415,
399.8932979285348,
400.51314272099455,
401.13502824180773,
401.7589328236842,
402.3848347166021,
403.0127120884579,
403.64254302571817,
404.2743055340751,
404.90797753910635,
405.54353688693675,
406.18096134490406,
406.82022860222855,
407.4613162706844,
408.1042018852762,
408.7488629049176,
409.3952767131136,
410.0434206186469,
410.6932718562663,
411.34480758737993,
411.99800490075063,
412.652840813196,
413.30929227029037,
413.96733614707216,
414.6269492487521,
415.2881083114278,
415.9507900027994,
416.61497092289017,
417.28062760476973,
417.9477365152811,
418.61627405577224,
419.28621656282803,
419.95754030901026,
420.6302215035972,
421.30423629332904,
421.9795607631554,
422.65617093698836,
423.3340427784565,
424.013152191665,
424.6934750219573,
425.37498705668213,
426.0576640259625,
426.74148160347,
427.4264154072008,
428.1124410002575,
428.79953389163234,
429.4876695369966,
430.1768233394903,
430.86697065051976,
431.5580867705547,
432.2501469499325,
432.9431263896636,
433.6370002422419,
434.3317436124589,
435.0273315582208,
435.72373909137,
436.42094117851036,
437.1189127418352,
437.81762865996063,
438.5170637687611,
439.21719286221,
439.9179906932229,
440.619431974505,
441.3214913794027,
442.0241435427587,
442.7273630617701,
443.43112449685157,
444.13540237250174,
444.84017117817257,
445.54540536914385,
446.2510793674004,
446.9571675625142,
447.66364431252873,
448.3704839448475,
449.07766075712857,
449.78514901817937,
450.4929229688569,
451.20095682297324,
451.90922476820106,
452.6177009669875,
453.3263595574674,
454.03517465438324,
454.7441203500075,
455.4531707150693,
456.16229979968455,
456.87148163428924,
457.5806902305774,
458.2898995824431,
458.99908366692307,
459.70821644514797,
460.4172718632924,
461.1262238535327,
461.8350463350041,
462.5437132147663,
463.2521983887681,
463.9604757428191,
464.66851915356267,
465.3763024894538,
466.08379961173966,
466.79098437544474,
467.49783063035784,
468.20431222202365,
468.91040299273857,
469.6160767825478,
470.32130743024754,
471.0260687743903,
471.7303346542925,
472.4340789110473,
473.13727538853925,
473.83989793446165,
474.5419204013399,
475.2433166475553,
475.9440605383729,
476.6441259469733,
477.3434867554863,
478.0421168560291,
478.7399901517459,
479.437080557852,
480.1333620026803,
480.82880842873,
481.5233937937202,
482.2170920716437,
482.9098772538266,
483.6017233499879,
484.2926043893042,
484.98249442147505,
485.67136751779276,
486.3591977722141,
487.04595930243374,
487.73162625096234,
488.41617278620504,
489.0995731035425,
489.781801426417,
490.4628320074173,
491.1426391293677,
491.8211971064193,
492.49848028514407,
493.1744630456283,
493.84911980257164,
494.5224250063857,
495.194353144296,
495.86487874144507,
496.53397636199713,
497.2016206102462,
497.86778613172396,
498.53244761431006,
499.1955797893444,
